#reader(lib"read.ss""wxme")WXME0108 ## 
#|
   This file uses the GRacket editor format.
   Open this file in DrRacket version 6.3 or later to read it.

   Most likely, it was created by saving a program in DrRacket,
   and it probably contains a program with non-text elements
   (such as images or comment boxes).

            http://racket-lang.org/
|#
 32 7 #"wxtext\0"
3 1 6 #"wxtab\0"
1 1 8 #"wximage\0"
2 0 8 #"wxmedia\0"
4 1 34 #"(lib \"syntax-browser.ss\" \"mrlib\")\0"
1 0 16 #"drscheme:number\0"
3 0 44 #"(lib \"number-snip.ss\" \"drscheme\" \"private\")\0"
1 0 36 #"(lib \"comment-snip.ss\" \"framework\")\0"
1 0 93
(
 #"((lib \"collapsed-snipclass.ss\" \"framework\") (lib \"collapsed-sni"
 #"pclass-wxme.ss\" \"framework\"))\0"
) 0 0 43 #"(lib \"collapsed-snipclass.ss\" \"framework\")\0"
0 0 19 #"drscheme:sexp-snip\0"
0 0 36 #"(lib \"cache-image-snip.ss\" \"mrlib\")\0"
1 0 68
(
 #"((lib \"image-core.ss\" \"mrlib\") (lib \"image-core-wxme.rkt\" \"mr"
 #"lib\"))\0"
) 1 0 29 #"drscheme:bindings-snipclass%\0"
1 0 101
(
 #"((lib \"ellipsis-snip.rkt\" \"drracket\" \"private\") (lib \"ellipsi"
 #"s-snip-wxme.rkt\" \"drracket\" \"private\"))\0"
) 2 0 88
(
 #"((lib \"pict-snip.rkt\" \"drracket\" \"private\") (lib \"pict-snip.r"
 #"kt\" \"drracket\" \"private\"))\0"
) 0 0 34 #"(lib \"bullet-snip.rkt\" \"browser\")\0"
0 0 25 #"(lib \"matrix.ss\" \"htdp\")\0"
1 0 22 #"drscheme:lambda-snip%\0"
1 0 29 #"drclickable-string-snipclass\0"
0 0 26 #"drracket:spacer-snipclass\0"
0 0 57
#"(lib \"hrule-snip.rkt\" \"macro-debugger\" \"syntax-browser\")\0"
1 0 26 #"drscheme:pict-value-snip%\0"
0 0 45 #"(lib \"image-snipr.ss\" \"slideshow\" \"private\")\0"
1 0 38 #"(lib \"pict-snipclass.ss\" \"slideshow\")\0"
2 0 55 #"(lib \"vertical-separator-snip.ss\" \"stepper\" \"private\")\0"
1 0 18 #"drscheme:xml-snip\0"
1 0 31 #"(lib \"xml-snipclass.ss\" \"xml\")\0"
1 0 21 #"drscheme:scheme-snip\0"
2 0 34 #"(lib \"scheme-snipclass.ss\" \"xml\")\0"
1 0 10 #"text-box%\0"
1 0 32 #"(lib \"text-snipclass.ss\" \"xml\")\0"
1 0 1 6 #"wxloc\0"
          0 0 84 0 1 #"\0"
0 75 1 #"\0"
0 12 90 -1 90 -1 3 -1 0 1 0 1 0 0 0 0 0 0 0 0 0 0 0 255 255 255 1 -1 0 9
#"Standard\0"
0 75 10 #"Monospace\0"
0 12 90 -1 90 -1 3 -1 0 1 0 1 0 0 0 0 0 0 0 0 0 0 0 255 255 255 1 -1 2 1
#"\0"
0 -1 1 #"\0"
1 0 -1 -1 -1 -1 -1 -1 0 0 0 0 0 0 1 1 1 1 1 1 0 0 0 0 0 0 -1 -1 2 24
#"framework:default-color\0"
0 -1 1 #"\0"
1 0 -1 -1 -1 -1 -1 -1 0 0 0 0 0 1 0 0 0 0 0 0 0 0 0 255 255 255 -1 -1 2
1 #"\0"
0 -1 1 #"\0"
1 0 -1 -1 -1 -1 -1 -1 0 0 0 0 0 0 0 0 0 1 1 1 150 0 150 0 0 0 -1 -1 2 15
#"text:ports out\0"
0 -1 1 #"\0"
1 0 -1 -1 -1 93 -1 -1 0 1 0 0 0 0 0 0 0 1 1 1 150 0 150 0 0 0 -1 -1 2 1
#"\0"
0 -1 1 #"\0"
1.0 0 -1 -1 93 -1 -1 -1 0 0 0 0 0 0 0 0 0 1.0 1.0 1.0 255 0 0 0 0 0 -1
-1 2 15 #"text:ports err\0"
0 -1 1 #"\0"
1 0 -1 -1 93 -1 -1 -1 0 1 0 0 0 0 0 0 0 1 1 1 255 0 0 0 0 0 -1 -1 2 1
#"\0"
0 -1 1 #"\0"
1 0 -1 -1 -1 -1 -1 -1 0 0 0 0 0 0 0 0 0 1 1 1 0 0 175 0 0 0 -1 -1 2 17
#"text:ports value\0"
0 -1 1 #"\0"
1 0 -1 -1 -1 93 -1 -1 0 1 0 0 0 0 0 0 0 1 1 1 0 0 175 0 0 0 -1 -1 2 1
#"\0"
0 -1 1 #"\0"
1.0 0 92 -1 -1 -1 -1 -1 0 0 0 0 0 0 0 0 0 1.0 1.0 1.0 34 139 34 0 0 0 -1
-1 2 27 #"Matching Parenthesis Style\0"
0 -1 1 #"\0"
1.0 0 92 -1 -1 -1 -1 -1 0 0 0 0 0 0 0 0 0 1.0 1.0 1.0 34 139 34 0 0 0 -1
-1 2 1 #"\0"
0 -1 1 #"\0"
1 0 -1 -1 -1 93 -1 -1 0 1 0 0 0 0 0 0 0 1 1 1 38 38 128 0 0 0 -1 -1 2 37
#"framework:syntax-color:scheme:symbol\0"
0 -1 1 #"\0"
1 0 -1 -1 -1 93 -1 -1 0 1 0 0 0 0 0 0 0 1 1 1 38 38 128 0 0 0 -1 -1 2 38
#"framework:syntax-color:scheme:keyword\0"
0 -1 1 #"\0"
1 0 -1 -1 -1 93 -1 -1 0 1 0 0 0 0 0 0 0 1 1 1 38 38 128 0 0 0 -1 -1 2 1
#"\0"
0 -1 1 #"\0"
1 0 -1 -1 -1 93 -1 -1 0 1 0 0 0 0 0 0 0 1 1 1 194 116 31 0 0 0 -1 -1 2
38 #"framework:syntax-color:scheme:comment\0"
0 -1 1 #"\0"
1 0 -1 -1 -1 93 -1 -1 0 1 0 0 0 0 0 0 0 1 1 1 194 116 31 0 0 0 -1 -1 2 1
#"\0"
0 -1 1 #"\0"
1 0 -1 -1 -1 93 -1 -1 0 1 0 0 0 0 0 0 0 1 1 1 41 128 38 0 0 0 -1 -1 2 37
#"framework:syntax-color:scheme:string\0"
0 -1 1 #"\0"
1 0 -1 -1 -1 93 -1 -1 0 1 0 0 0 0 0 0 0 1 1 1 41 128 38 0 0 0 -1 -1 2 35
#"framework:syntax-color:scheme:text\0"
0 -1 1 #"\0"
1 0 -1 -1 -1 93 -1 -1 0 1 0 0 0 0 0 0 0 1 1 1 41 128 38 0 0 0 -1 -1 2 39
#"framework:syntax-color:scheme:constant\0"
0 -1 1 #"\0"
1 0 -1 -1 -1 93 -1 -1 0 1 0 0 0 0 0 0 0 1 1 1 41 128 38 0 0 0 -1 -1 2 1
#"\0"
0 -1 1 #"\0"
1 0 -1 -1 -1 93 -1 -1 0 1 0 0 0 0 0 0 0 1 1 1 132 60 36 0 0 0 -1 -1 2 49
#"framework:syntax-color:scheme:hash-colon-keyword\0"
0 -1 1 #"\0"
1 0 -1 -1 -1 93 -1 -1 0 1 0 0 0 0 0 0 0 1 1 1 132 60 36 0 0 0 -1 -1 2 42
#"framework:syntax-color:scheme:parenthesis\0"
0 -1 1 #"\0"
1 0 -1 -1 -1 93 -1 -1 0 1 0 0 0 0 0 0 0 1 1 1 132 60 36 0 0 0 -1 -1 2 1
#"\0"
0 -1 1 #"\0"
1 0 -1 -1 -1 93 -1 -1 0 1 0 0 0 0 0 0 0 1 1 1 255 0 0 0 0 0 -1 -1 2 36
#"framework:syntax-color:scheme:error\0"
0 -1 1 #"\0"
1 0 -1 -1 -1 93 -1 -1 0 1 0 0 0 0 0 0 0 1 1 1 255 0 0 0 0 0 -1 -1 2 1
#"\0"
0 -1 1 #"\0"
1 0 -1 -1 -1 93 -1 -1 0 1 0 0 0 0 0 0 0 1 1 1 0 0 0 0 0 0 -1 -1 2 36
#"framework:syntax-color:scheme:other\0"
0 -1 1 #"\0"
1 0 -1 -1 -1 93 -1 -1 0 1 0 0 0 0 0 0 0 1 1 1 0 0 0 0 0 0 -1 -1 2 16
#"Misspelled Text\0"
0 -1 1 #"\0"
1 0 -1 -1 -1 -1 -1 -1 0 0 0 0 0 0 0 0 0 1 1 1 0 0 0 0 0 0 -1 -1 2 1
#"\0"
0 -1 1 #"\0"
1 0 -1 -1 -1 93 -1 -1 0 1 0 0 0 0 0 0 0 1 1 1 81 112 203 0 0 0 -1 -1 2
38 #"drracket:check-syntax:lexically-bound\0"
0 -1 1 #"\0"
1 0 -1 -1 -1 93 -1 -1 0 1 0 0 0 0 0 0 0 1 1 1 81 112 203 0 0 0 -1 -1 2 1
#"\0"
0 -1 1 #"\0"
1 0 -1 -1 -1 93 -1 -1 0 1 0 0 0 0 0 0 0 1 1 1 178 34 34 0 0 0 -1 -1 2 28
#"drracket:check-syntax:set!d\0"
0 -1 1 #"\0"
1 0 -1 -1 -1 93 -1 -1 0 1 0 0 0 0 0 0 0 1 1 1 178 34 34 0 0 0 -1 -1 2 37
#"drracket:check-syntax:unused-require\0"
0 -1 1 #"\0"
1 0 -1 -1 -1 93 -1 -1 0 1 0 0 0 0 0 0 0 1 1 1 255 0 0 0 0 0 -1 -1 2 36
#"drracket:check-syntax:free-variable\0"
0 -1 1 #"\0"
1 0 -1 -1 -1 93 -1 -1 0 1 0 0 0 0 0 0 0 1 1 1 255 0 0 0 0 0 -1 -1 2 1
#"\0"
0 -1 1 #"\0"
1 0 -1 -1 -1 93 -1 -1 0 1 0 0 0 0 0 0 0 1 1 1 68 0 203 0 0 0 -1 -1 2 31
#"drracket:check-syntax:imported\0"
0 -1 1 #"\0"
1 0 -1 -1 -1 93 -1 -1 0 1 0 0 0 0 0 0 0 1 1 1 68 0 203 0 0 0 -1 -1 2 47
#"drracket:check-syntax:my-obligation-style-pref\0"
0 -1 1 #"\0"
1 0 -1 -1 -1 93 -1 -1 0 1 0 0 0 0 0 0 0 1 1 1 178 34 34 0 0 0 -1 -1 2 1
#"\0"
0 -1 1 #"\0"
1 0 -1 -1 -1 93 -1 -1 0 1 0 0 0 0 0 0 0 1 1 1 0 116 0 0 0 0 -1 -1 2 50
#"drracket:check-syntax:their-obligation-style-pref\0"
0 -1 1 #"\0"
1 0 -1 -1 -1 93 -1 -1 0 1 0 0 0 0 0 0 0 1 1 1 0 116 0 0 0 0 -1 -1 2 48
#"drracket:check-syntax:unk-obligation-style-pref\0"
0 -1 1 #"\0"
1 0 -1 -1 -1 93 -1 -1 0 1 0 0 0 0 0 0 0 1 1 1 0 0 0 0 0 0 -1 -1 2 1
#"\0"
0 -1 1 #"\0"
1 0 -1 -1 -1 93 -1 -1 0 1 0 0 0 0 0 0 0 1 1 1 139 142 28 0 0 0 -1 -1 2
49 #"drracket:check-syntax:both-obligation-style-pref\0"
0 -1 1 #"\0"
1 0 -1 -1 -1 93 -1 -1 0 1 0 0 0 0 0 0 0 1 1 1 139 142 28 0 0 0 -1 -1 2
26 #"plt:htdp:test-coverage-on\0"
0 -1 1 #"\0"
1 0 -1 -1 -1 93 -1 -1 0 1 0 0 0 0 0 0 0 1 1 1 0 0 0 0 0 0 -1 -1 2 1
#"\0"
0 -1 1 #"\0"
1 0 -1 -1 -1 93 -1 -1 0 1 0 0 0 1 0 0 0 0 0 0 255 165 0 0 0 0 -1 -1 2 27
#"plt:htdp:test-coverage-off\0"
0 -1 1 #"\0"
1 0 -1 -1 -1 93 -1 -1 0 1 0 0 0 1 0 0 0 0 0 0 255 165 0 0 0 0 -1 -1 4 1
#"\0"
0 70 1 #"\0"
1.0 0 -1 -1 -1 -1 -1 -1 0 0 0 0 0 0 1.0 1.0 1.0 1.0 1.0 1.0 0 0 0 0 0 0
-1 -1 4 4 #"XML\0"
0 70 1 #"\0"
1.0 0 -1 -1 -1 -1 -1 -1 0 0 0 0 0 0 1.0 1.0 1.0 1.0 1.0 1.0 0 0 0 0 0 0
-1 -1 2 37 #"plt:module-language:test-coverage-on\0"
0 -1 1 #"\0"
1 0 -1 -1 -1 93 -1 -1 0 1 0 0 0 0 0 0 0 1 1 1 0 0 0 0 0 0 -1 -1 2 38
#"plt:module-language:test-coverage-off\0"
0 -1 1 #"\0"
1 0 -1 -1 -1 93 -1 -1 0 1 0 0 0 1 0 0 0 0 0 0 255 165 0 0 0 0 -1 -1 4 1
#"\0"
0 71 1 #"\0"
1.0 0 -1 -1 -1 -1 -1 -1 0 0 0 0 0 0 1.0 1.0 1.0 1.0 1.0 1.0 0 0 0 0 0 0
-1 -1 4 1 #"\0"
0 -1 1 #"\0"
1.0 0 -1 -1 -1 -1 -1 -1 1 0 0 0 0 0 0 0 0 1.0 1.0 1.0 0 0 255 0 0 0 -1
-1 4 1 #"\0"
0 71 1 #"\0"
1.0 0 -1 -1 -1 -1 -1 -1 1 0 0 0 0 0 0 0 0 1.0 1.0 1.0 0 0 255 0 0 0 -1
-1 4 1 #"\0"
0 71 1 #"\0"
1.0 0 -1 -1 -1 -1 -1 -1 0 0 0 0 0 0 0 0 0 1.0 1.0 1.0 0 100 0 0 0 0 -1
-1 0 1 #"\0"
0 75 10 #"Monospace\0"
0.0 12 90 -1 90 -1 3 -1 0 1 0 1 0 0 0.0 0.0 0.0 0.0 0.0 0.0 0 0 0 255
255 255 1 -1 2 1 #"\0"
0 -1 1 #"\0"
1.0 0 -1 -1 -1 -1 -1 -1 0 0 0 0 0 1 0.0 0.0 0.0 0.0 0.0 0.0 0 0 0 255
255 255 -1 -1 2 1 #"\0"
0 -1 1 #"\0"
1.0 0 -1 -1 -1 93 -1 -1 0 1 0 0 0 0 0.0 0.0 0.0 1.0 1.0 1.0 150 0 150 0
0 0 -1 -1 2 1 #"\0"
0 -1 1 #"\0"
1.0 0 -1 -1 93 -1 -1 -1 0 1 0 0 0 0 0.0 0.0 0.0 1.0 1.0 1.0 255 0 0 0 0
0 -1 -1 2 1 #"\0"
0 -1 1 #"\0"
1.0 0 -1 -1 -1 93 -1 -1 0 1 0 0 0 0 0.0 0.0 0.0 1.0 1.0 1.0 0 0 175 0 0
0 -1 -1 2 1 #"\0"
0 -1 1 #"\0"
1.0 0 -1 -1 -1 -1 -1 -1 0 0 0 0 0 0 0.0 0.0 0.0 1.0 1.0 1.0 0 0 0 0 0 0
-1 -1 4 1 #"\0"
0 -1 1 #"\0"
1.0 0 92 -1 -1 -1 -1 -1 0 0 0 0 0 1 0.0 0.0 0.0 0.0 0.0 0.0 0 0 0 255
255 0 -1 -1 2 1 #"\0"
0 -1 1 #"\0"
1.0 0 -1 -1 -1 -1 -1 -1 0 0 0 0 0 0 0.0 0.0 0.0 1.0 1.0 1.0 200 0 0 0 0
0 -1 -1 4 32 #"widget.rkt::browser-text% basic\0"
0 70 1 #"\0"
1.0 0 -1 -1 -1 -1 -1 -1 0 0 0 0 0 0 1.0 1.0 1.0 1.0 1.0 1.0 0 0 0 0 0 0
-1 -1 4 59
#"macro-debugger/syntax-browser/properties color-text% basic\0"
0 70 1 #"\0"
1.0 0 -1 -1 -1 -1 -1 -1 0 0 0 0 0 0 1.0 1.0 1.0 1.0 1.0 1.0 0 0 0 0 0 0
-1 -1 64 1 #"\0"
0 -1 1 #"\0"
1.0 0 -1 -1 -1 -1 -1 -1 0 0 0 0 0 0 0.0 0.0 0.0 1.0 1.0 1.0 190 190 190
0 0 0 -1 -1 4 1 #"\0"
0 -1 1 #"\0"
1.0 0 -1 -1 -1 -1 -1 -1 0 0 0 0 0 0 0.0 0.0 0.0 1.0 1.0 1.0 0 0 0 0 0 0
-1 -1 4 1 #"\0"
0 -1 1 #"\0"
1.0 0 -1 -1 -1 -1 -1 -1 0 0 0 0 0 0 0.0 0.0 0.0 1.0 1.0 1.0 255 0 0 0 0
0 -1 -1 4 1 #"\0"
0 -1 1 #"\0"
1.0 0 -1 -1 -1 -1 -1 -1 0 0 0 0 0 0 0.0 0.0 0.0 1.0 1.0 1.0 0 0 255 0 0
0 -1 -1 4 1 #"\0"
0 -1 1 #"\0"
1.0 0 -1 -1 -1 -1 -1 -1 0 0 0 0 0 0 0.0 0.0 0.0 1.0 1.0 1.0 107 142 35 0
0 0 -1 -1 4 1 #"\0"
0 -1 1 #"\0"
1.0 0 -1 -1 -1 -1 -1 -1 0 0 0 0 0 0 0.0 0.0 0.0 1.0 1.0 1.0 0 100 0 0 0
0 -1 -1 4 1 #"\0"
0 -1 1 #"\0"
1.0 0 -1 -1 -1 -1 -1 -1 0 0 0 0 0 0 0.0 0.0 0.0 1.0 1.0 1.0 139 0 0 0 0
0 -1 -1 4 1 #"\0"
0 -1 1 #"\0"
1.0 0 -1 -1 -1 -1 -1 -1 0 0 0 0 0 0 0.0 0.0 0.0 1.0 1.0 1.0 100 149 237
0 0 0 -1 -1 4 1 #"\0"
0 -1 1 #"\0"
1.0 0 -1 -1 -1 -1 -1 -1 0 0 0 0 0 0 0.0 0.0 0.0 1.0 1.0 1.0 65 105 225 0
0 0 -1 -1 4 1 #"\0"
0 -1 1 #"\0"
1.0 0 -1 -1 -1 -1 -1 -1 0 0 0 0 0 0 0.0 0.0 0.0 1.0 1.0 1.0 70 130 180 0
0 0 -1 -1 4 1 #"\0"
0 -1 1 #"\0"
1.0 0 -1 -1 -1 -1 -1 -1 0 0 0 0 0 0 0.0 0.0 0.0 1.0 1.0 1.0 47 79 79 0 0
0 -1 -1 4 1 #"\0"
0 -1 1 #"\0"
1.0 0 -1 -1 -1 -1 -1 -1 0 0 0 0 0 0 0.0 0.0 0.0 1.0 1.0 1.0 0 0 139 0 0
0 -1 -1 4 1 #"\0"
0 -1 1 #"\0"
1.0 0 -1 -1 -1 -1 -1 -1 0 0 0 0 0 0 0.0 0.0 0.0 1.0 1.0 1.0 75 0 130 0 0
0 -1 -1 4 1 #"\0"
0 -1 1 #"\0"
1.0 0 -1 -1 -1 -1 -1 -1 0 0 0 0 0 0 0.0 0.0 0.0 1.0 1.0 1.0 160 32 240 0
0 0 -1 -1 4 1 #"\0"
0 -1 1 #"\0"
1.0 0 -1 -1 -1 -1 -1 -1 0 0 0 0 0 0 0.0 0.0 0.0 1.0 1.0 1.0 255 165 0 0
0 0 -1 -1 4 1 #"\0"
0 -1 1 #"\0"
1.0 0 -1 -1 -1 -1 -1 -1 0 0 0 0 0 0 0.0 0.0 0.0 1.0 1.0 1.0 250 128 114
0 0 0 -1 -1 4 1 #"\0"
0 -1 1 #"\0"
1.0 0 -1 -1 -1 -1 -1 -1 0 0 0 0 0 0 0.0 0.0 0.0 1.0 1.0 1.0 184 134 11 0
0 0 -1 -1 4 1 #"\0"
0 -1 1 #"\0"
1.0 0 -1 -1 -1 -1 -1 -1 0 0 0 0 0 0 0.0 0.0 0.0 1.0 1.0 1.0 128 128 0 0
0 0 -1 -1 4 1 #"\0"
0 -1 1 #"\0"
1.0 0 -1 -1 -1 -1 -1 -1 0 0 0 0 0 0 0.0 0.0 0.0 1.0 1.0 1.0 169 169 169
0 0 0 -1 -1           0 4345 0 28 3 12 #"#lang racket"
0 0 24 29 1 #"\n"
0 0 24 3 1 #"("
0 0 15 3 6 #"define"
0 0 24 3 1 #" "
0 0 14 3 16 #"the-empty-stream"
0 0 24 3 1 #" "
0 0 14 3 4 #"null"
0 0 24 3 1 #")"
0 0 24 29 1 #"\n"
0 0 24 29 1 #"\n"
0 0 24 3 1 #"("
0 0 15 3 6 #"define"
0 0 24 3 2 #" ("
0 0 14 3 12 #"stream-null?"
0 0 24 3 1 #" "
0 0 14 3 1 #"s"
0 0 24 3 1 #")"
0 0 24 29 1 #"\n"
0 0 24 3 3 #"  ("
0 0 14 3 5 #"null?"
0 0 24 3 1 #" "
0 0 14 3 1 #"s"
0 0 24 3 2 #"))"
0 0 24 29 1 #"\n"
0 0 24 29 1 #"\n"
0 0 24 3 1 #"("
0 0 15 3 13 #"define-syntax"
0 0 24 3 1 #" "
0 0 15 3 5 #"delay"
0 0 24 29 1 #"\n"
0 0 24 3 3 #"  ("
0 0 15 3 12 #"syntax-rules"
0 0 24 3 3 #" ()"
0 0 24 29 1 #"\n"
0 0 24 3 6 #"    (("
0 0 14 3 1 #"_"
0 0 24 3 1 #" "
0 0 14 3 3 #"exp"
0 0 24 3 3 #") ("
0 0 15 3 6 #"lambda"
0 0 24 3 4 #" () "
0 0 14 3 3 #"exp"
0 0 24 3 4 #"))))"
0 0 24 29 1 #"\n"
0 0 24 29 1 #"\n"
0 0 24 3 1 #"("
0 0 15 3 13 #"define-syntax"
0 0 24 3 1 #" "
0 0 14 3 11 #"cons-stream"
0 0 24 29 1 #"\n"
0 0 24 3 3 #"  ("
0 0 15 3 12 #"syntax-rules"
0 0 24 3 3 #" ()"
0 0 24 29 1 #"\n"
0 0 24 3 6 #"    (("
0 0 14 3 1 #"_"
0 0 24 3 1 #" "
0 0 14 3 1 #"a"
0 0 24 3 1 #" "
0 0 14 3 1 #"b"
0 0 24 3 3 #") ("
0 0 14 3 4 #"cons"
0 0 24 3 1 #" "
0 0 14 3 1 #"a"
0 0 24 3 2 #" ("
0 0 15 3 5 #"delay"
0 0 24 3 1 #" "
0 0 14 3 1 #"b"
0 0 24 3 5 #")))))"
0 0 24 29 1 #"\n"
0 0 24 29 1 #"\n"
0 0 24 3 1 #"("
0 0 15 3 6 #"define"
0 0 24 3 2 #" ("
0 0 14 3 5 #"force"
0 0 24 3 1 #" "
0 0 14 3 1 #"f"
0 0 24 3 1 #")"
0 0 24 29 1 #"\n"
0 0 24 3 3 #"  ("
0 0 14 3 1 #"f"
0 0 24 3 2 #"))"
0 0 24 29 1 #"\n"
0 0 24 29 1 #"\n"
0 0 24 3 1 #"("
0 0 15 3 6 #"define"
0 0 24 3 2 #" ("
0 0 14 3 10 #"car-stream"
0 0 24 3 1 #" "
0 0 14 3 1 #"s"
0 0 24 3 1 #")"
0 0 24 29 1 #"\n"
0 0 24 3 3 #"  ("
0 0 14 3 3 #"car"
0 0 24 3 1 #" "
0 0 14 3 1 #"s"
0 0 24 3 2 #"))"
0 0 24 29 1 #"\n"
0 0 24 29 1 #"\n"
0 0 24 3 1 #"("
0 0 15 3 6 #"define"
0 0 24 3 2 #" ("
0 0 14 3 10 #"cdr-stream"
0 0 24 3 1 #" "
0 0 14 3 1 #"s"
0 0 24 3 1 #")"
0 0 24 29 1 #"\n"
0 0 24 3 3 #"  ("
0 0 14 3 5 #"force"
0 0 24 3 2 #" ("
0 0 14 3 3 #"cdr"
0 0 24 3 1 #" "
0 0 14 3 1 #"s"
0 0 24 3 3 #")))"
0 0 24 29 1 #"\n"
0 0 24 29 1 #"\n"
0 0 24 3 1 #"("
0 0 15 3 6 #"define"
0 0 24 3 2 #" ("
0 0 14 3 12 #"display-line"
0 0 24 3 1 #" "
0 0 14 3 1 #"x"
0 0 24 3 1 #")"
0 0 24 29 1 #"\n"
0 0 24 3 3 #"  ("
0 0 14 3 7 #"newline"
0 0 24 3 1 #")"
0 0 24 29 1 #"\n"
0 0 24 3 3 #"  ("
0 0 14 3 7 #"display"
0 0 24 3 1 #" "
0 0 14 3 1 #"x"
0 0 24 3 2 #"))"
0 0 24 29 1 #"\n"
0 0 24 29 1 #"\n"
0 0 24 3 1 #"("
0 0 15 3 6 #"define"
0 0 24 3 2 #" ("
0 0 14 3 5 #"print"
0 0 24 3 1 #" "
0 0 14 3 1 #"n"
0 0 24 3 1 #" "
0 0 14 3 1 #"s"
0 0 24 3 1 #")"
0 0 24 29 1 #"\n"
0 0 24 3 3 #"  ("
0 0 14 3 2 #"if"
0 0 24 3 2 #" ("
0 0 14 3 1 #"="
0 0 24 3 1 #" "
0 0 14 3 1 #"n"
0 0 24 3 1 #" "
0 0 21 3 1 #"0"
0 0 24 3 1 #")"
0 0 24 29 1 #"\n"
0 0 24 3 7 #"      ("
0 0 14 3 12 #"display-line"
0 0 24 3 1 #" "
0 0 21 3 1 #"'"
0 0 14 3 4 #"done"
0 0 24 3 1 #")"
0 0 24 29 1 #"\n"
0 0 24 3 7 #"      ("
0 0 15 3 5 #"begin"
0 0 24 3 2 #" ("
0 0 14 3 12 #"display-line"
0 0 24 3 2 #" ("
0 0 14 3 10 #"car-stream"
0 0 24 3 1 #" "
0 0 14 3 1 #"s"
0 0 24 3 2 #"))"
0 0 24 29 1 #"\n"
0 0 24 3 14 #"             ("
0 0 14 3 5 #"print"
0 0 24 3 2 #" ("
0 0 14 3 1 #"-"
0 0 24 3 1 #" "
0 0 14 3 1 #"n"
0 0 24 3 1 #" "
0 0 21 3 1 #"1"
0 0 24 3 3 #") ("
0 0 14 3 10 #"cdr-stream"
0 0 24 3 1 #" "
0 0 14 3 1 #"s"
0 0 24 3 5 #")))))"
0 0 24 29 1 #"\n"
0 0 24 29 1 #"\n"
0 0 24 3 1 #"("
0 0 15 3 6 #"define"
0 0 24 3 2 #" ("
0 0 14 3 10 #"stream-map"
0 0 24 3 1 #" "
0 0 14 3 4 #"proc"
0 0 24 3 1 #" "
0 0 28 3 1 #"."
0 0 24 3 1 #" "
0 0 14 3 10 #"argstreams"
0 0 24 3 1 #")"
0 0 24 29 1 #"\n"
0 0 24 3 3 #"  ("
0 0 14 3 2 #"if"
0 0 24 3 2 #" ("
0 0 14 3 12 #"stream-null?"
0 0 24 3 2 #" ("
0 0 14 3 3 #"car"
0 0 24 3 1 #" "
0 0 14 3 10 #"argstreams"
0 0 24 3 2 #"))"
0 0 24 29 1 #"\n"
0 0 24 3 6 #"      "
0 0 14 3 16 #"the-empty-stream"
0 0 24 29 1 #"\n"
0 0 24 3 7 #"      ("
0 0 14 3 11 #"cons-stream"
0 0 24 29 1 #"\n"
0 0 24 3 8 #"       ("
0 0 14 3 5 #"apply"
0 0 24 3 1 #" "
0 0 14 3 4 #"proc"
0 0 24 3 2 #" ("
0 0 14 3 3 #"map"
0 0 24 3 1 #" "
0 0 14 3 10 #"car-stream"
0 0 24 3 1 #" "
0 0 14 3 10 #"argstreams"
0 0 24 3 2 #"))"
0 0 24 29 1 #"\n"
0 0 24 3 8 #"       ("
0 0 14 3 5 #"apply"
0 0 24 3 1 #" "
0 0 14 3 10 #"stream-map"
0 0 24 29 1 #"\n"
0 0 24 3 15 #"              ("
0 0 14 3 4 #"cons"
0 0 24 3 1 #" "
0 0 14 3 4 #"proc"
0 0 24 3 2 #" ("
0 0 14 3 3 #"map"
0 0 24 3 1 #" "
0 0 14 3 10 #"cdr-stream"
0 0 24 3 1 #" "
0 0 14 3 10 #"argstreams"
0 0 24 3 6 #"))))))"
0 0 24 29 1 #"\n"
0 0 24 29 1 #"\n"
0 0 24 3 1 #"("
0 0 15 3 6 #"define"
0 0 24 3 2 #" ("
0 0 14 3 11 #"add-streams"
0 0 24 3 1 #" "
0 0 14 3 2 #"s1"
0 0 24 3 1 #" "
0 0 14 3 2 #"s2"
0 0 24 3 1 #")"
0 0 24 29 1 #"\n"
0 0 24 3 3 #"  ("
0 0 14 3 10 #"stream-map"
0 0 24 3 1 #" "
0 0 14 3 1 #"+"
0 0 24 3 1 #" "
0 0 14 3 2 #"s1"
0 0 24 3 1 #" "
0 0 14 3 2 #"s2"
0 0 24 3 2 #"))"
0 0 24 29 1 #"\n"
0 0 24 29 1 #"\n"
0 0 24 3 1 #"("
0 0 15 3 6 #"define"
0 0 24 3 2 #" ("
0 0 14 3 4 #"ones"
0 0 24 3 3 #") ("
0 0 14 3 11 #"cons-stream"
0 0 24 3 1 #" "
0 0 21 3 1 #"1"
0 0 24 3 2 #" ("
0 0 14 3 4 #"ones"
0 0 24 3 3 #")))"
0 0 24 29 1 #"\n"
0 0 24 29 1 #"\n"
0 0 24 3 1 #"("
0 0 15 3 6 #"define"
0 0 24 3 2 #" ("
0 0 14 3 22 #"integers-starting-from"
0 0 24 3 1 #" "
0 0 14 3 1 #"n"
0 0 24 3 1 #")"
0 0 24 29 1 #"\n"
0 0 24 3 3 #"  ("
0 0 14 3 11 #"cons-stream"
0 0 24 3 1 #" "
0 0 14 3 1 #"n"
0 0 24 3 2 #" ("
0 0 14 3 22 #"integers-starting-from"
0 0 24 3 2 #" ("
0 0 14 3 1 #"+"
0 0 24 3 1 #" "
0 0 14 3 1 #"n"
0 0 24 3 1 #" "
0 0 21 3 1 #"1"
0 0 24 3 4 #"))))"
0 0 24 29 1 #"\n"
0 0 24 3 1 #"("
0 0 15 3 6 #"define"
0 0 24 3 1 #" "
0 0 14 3 8 #"integers"
0 0 24 3 2 #" ("
0 0 14 3 22 #"integers-starting-from"
0 0 24 3 1 #" "
0 0 21 3 1 #"1"
0 0 24 3 2 #"))"
0 0 24 29 1 #"\n"
0 0 24 29 1 #"\n"
0 0 24 3 1 #"("
0 0 15 3 6 #"define"
0 0 24 3 2 #" ("
0 0 14 3 12 #"partial-sums"
0 0 24 3 1 #" "
0 0 14 3 1 #"s"
0 0 24 3 1 #")"
0 0 24 29 1 #"\n"
0 0 24 3 3 #"  ("
0 0 14 3 11 #"cons-stream"
0 0 24 3 2 #" ("
0 0 14 3 10 #"car-stream"
0 0 24 3 1 #" "
0 0 14 3 1 #"s"
0 0 24 3 1 #")"
0 0 24 29 1 #"\n"
0 0 24 3 16 #"               ("
0 0 14 3 11 #"add-streams"
0 0 24 3 2 #" ("
0 0 14 3 10 #"cdr-stream"
0 0 24 3 1 #" "
0 0 14 3 1 #"s"
0 0 24 3 1 #")"
0 0 24 29 1 #"\n"
0 0 24 3 29 #"                            ("
0 0 14 3 12 #"partial-sums"
0 0 24 3 1 #" "
0 0 14 3 1 #"s"
0 0 24 3 4 #"))))"
0 0 24 29 1 #"\n"
0 0 24 3 1 #"("
0 0 15 3 6 #"define"
0 0 24 3 1 #" "
0 0 14 3 1 #"p"
0 0 24 3 2 #" ("
0 0 14 3 12 #"partial-sums"
0 0 24 3 2 #" ("
0 0 14 3 4 #"ones"
0 0 24 3 3 #")))"
0 0 24 29 1 #"\n"
0 0 24 29 1 #"\n"
0 0 24 3 1 #"("
0 0 15 3 6 #"define"
0 0 24 3 2 #" ("
0 0 14 3 12 #"scale-stream"
0 0 24 3 1 #" "
0 0 14 3 1 #"s"
0 0 24 3 1 #" "
0 0 14 3 1 #"n"
0 0 24 3 1 #")"
0 0 24 29 1 #"\n"
0 0 24 3 3 #"  ("
0 0 14 3 10 #"stream-map"
0 0 24 3 2 #" ("
0 0 15 3 6 #"lambda"
0 0 24 3 2 #" ("
0 0 14 3 1 #"x"
0 0 24 3 3 #") ("
0 0 14 3 1 #"*"
0 0 24 3 1 #" "
0 0 14 3 1 #"n"
0 0 24 3 1 #" "
0 0 14 3 1 #"x"
0 0 24 3 3 #")) "
0 0 14 3 1 #"s"
0 0 24 3 2 #"))"
0 0 24 29 1 #"\n"
0 0 24 29 1 #"\n"
0 0 24 3 1 #"("
0 0 15 3 6 #"define"
0 0 24 3 2 #" ("
0 0 14 3 5 #"merge"
0 0 24 3 1 #" "
0 0 14 3 2 #"s1"
0 0 24 3 1 #" "
0 0 14 3 2 #"s2"
0 0 24 3 1 #")"
0 0 24 29 1 #"\n"
0 0 24 3 3 #"  ("
0 0 15 3 4 #"cond"
0 0 24 3 3 #" [("
0 0 14 3 12 #"stream-null?"
0 0 24 3 1 #" "
0 0 14 3 2 #"s1"
0 0 24 3 2 #") "
0 0 14 3 2 #"s2"
0 0 24 3 1 #"]"
0 0 24 29 1 #"\n"
0 0 24 3 10 #"        [("
0 0 14 3 12 #"stream-null?"
0 0 24 3 1 #" "
0 0 14 3 2 #"s2"
0 0 24 3 2 #") "
0 0 14 3 2 #"s1"
0 0 24 3 1 #"]"
0 0 24 29 1 #"\n"
0 0 24 3 9 #"        ["
0 0 21 3 2 #"#t"
0 0 24 29 1 #"\n"
0 0 24 3 10 #"         ("
0 0 15 3 3 #"let"
0 0 24 3 3 #" (["
0 0 14 3 5 #"s1car"
0 0 24 3 2 #" ("
0 0 14 3 10 #"car-stream"
0 0 24 3 1 #" "
0 0 14 3 2 #"s1"
0 0 24 3 2 #")]"
0 0 24 29 1 #"\n"
0 0 24 3 16 #"               ["
0 0 14 3 5 #"s2car"
0 0 24 3 2 #" ("
0 0 14 3 10 #"car-stream"
0 0 24 3 1 #" "
0 0 14 3 2 #"s2"
0 0 24 3 3 #")])"
0 0 24 29 1 #"\n"
0 0 24 3 12 #"           ("
0 0 15 3 4 #"cond"
0 0 24 3 3 #" [("
0 0 14 3 1 #"<"
0 0 24 3 1 #" "
0 0 14 3 5 #"s1car"
0 0 24 3 1 #" "
0 0 14 3 5 #"s2car"
0 0 24 3 1 #")"
0 0 24 29 1 #"\n"
0 0 24 3 19 #"                  ("
0 0 14 3 11 #"cons-stream"
0 0 24 3 1 #" "
0 0 14 3 5 #"s1car"
0 0 24 3 2 #" ("
0 0 14 3 5 #"merge"
0 0 24 3 2 #" ("
0 0 14 3 10 #"cdr-stream"
0 0 24 3 1 #" "
0 0 14 3 2 #"s1"
0 0 24 3 2 #") "
0 0 14 3 2 #"s2"
0 0 24 3 3 #"))]"
0 0 24 29 1 #"\n"
0 0 24 3 19 #"                 [("
0 0 14 3 1 #">"
0 0 24 3 1 #" "
0 0 14 3 5 #"s1car"
0 0 24 3 1 #" "
0 0 14 3 5 #"s2car"
0 0 24 3 1 #")"
0 0 24 29 1 #"\n"
0 0 24 3 19 #"                  ("
0 0 14 3 11 #"cons-stream"
0 0 24 3 1 #" "
0 0 14 3 5 #"s2car"
0 0 24 3 2 #" ("
0 0 14 3 5 #"merge"
0 0 24 3 1 #" "
0 0 14 3 2 #"s1"
0 0 24 3 2 #" ("
0 0 14 3 10 #"cdr-stream"
0 0 24 3 1 #" "
0 0 14 3 2 #"s2"
0 0 24 3 4 #")))]"
0 0 24 29 1 #"\n"
0 0 24 3 18 #"                 ["
0 0 21 3 2 #"#t"
0 0 24 29 1 #"\n"
0 0 24 3 19 #"                  ("
0 0 14 3 11 #"cons-stream"
0 0 24 3 1 #" "
0 0 14 3 5 #"s1car"
0 0 24 29 1 #"\n"
0 0 24 3 32 #"                               ("
0 0 14 3 5 #"merge"
0 0 24 3 2 #" ("
0 0 14 3 10 #"cdr-stream"
0 0 24 3 1 #" "
0 0 14 3 2 #"s1"
0 0 24 3 1 #")"
0 0 24 29 1 #"\n"
0 0 24 3 39 #"                                      ("
0 0 14 3 10 #"cdr-stream"
0 0 24 3 1 #" "
0 0 14 3 2 #"s2"
0 0 24 3 9 #")))]))]))"
0 0 24 29 1 #"\n"
0 0 24 29 1 #"\n"
0 0 24 3 1 #"("
0 0 15 3 6 #"define"
0 0 24 3 2 #" ("
0 0 14 3 6 #"scaled"
0 0 24 3 1 #" "
0 0 14 3 1 #"n"
0 0 24 3 1 #")"
0 0 24 29 1 #"\n"
0 0 24 3 3 #"  ("
0 0 14 3 12 #"scale-stream"
0 0 24 3 1 #" "
0 0 14 3 8 #"integers"
0 0 24 3 1 #" "
0 0 14 3 1 #"n"
0 0 24 3 2 #"))"
0 0 24 29 1 #"\n"
0 0 24 3 1 #"("
0 0 15 3 6 #"define"
0 0 24 3 1 #" "
0 0 14 3 1 #"S"
0 0 24 3 2 #" ("
0 0 14 3 11 #"cons-stream"
0 0 24 3 1 #" "
0 0 21 3 1 #"1"
0 0 24 3 2 #" ("
0 0 14 3 5 #"merge"
0 0 24 3 2 #" ("
0 0 14 3 5 #"merge"
0 0 24 3 2 #" ("
0 0 14 3 6 #"scaled"
0 0 24 3 1 #" "
0 0 21 3 1 #"2"
0 0 24 3 3 #") ("
0 0 14 3 6 #"scaled"
0 0 24 3 1 #" "
0 0 21 3 1 #"3"
0 0 24 3 4 #")) ("
0 0 14 3 6 #"scaled"
0 0 24 3 1 #" "
0 0 21 3 1 #"5"
0 0 24 3 4 #"))))"
0 0 24 29 1 #"\n"
0 0 24 3 1 #"("
0 0 15 3 6 #"define"
0 0 24 3 1 #" "
0 0 14 3 2 #"S1"
0 0 24 3 2 #" ("
0 0 14 3 11 #"cons-stream"
0 0 24 3 1 #" "
0 0 21 3 1 #"1"
0 0 24 3 2 #" ("
0 0 14 3 5 #"merge"
0 0 24 3 2 #" ("
0 0 14 3 5 #"merge"
0 0 24 3 2 #" ("
0 0 14 3 12 #"scale-stream"
0 0 24 3 1 #" "
0 0 14 3 2 #"S1"
0 0 24 3 1 #" "
0 0 21 3 1 #"2"
0 0 24 3 3 #") ("
0 0 14 3 12 #"scale-stream"
0 0 24 3 1 #" "
0 0 14 3 2 #"S1"
0 0 24 3 1 #" "
0 0 21 3 1 #"3"
0 0 24 3 4 #")) ("
0 0 14 3 12 #"scale-stream"
0 0 24 3 1 #" "
0 0 14 3 2 #"S1"
0 0 24 3 1 #" "
0 0 21 3 1 #"5"
0 0 24 3 4 #"))))"
0 0 24 29 1 #"\n"
0 0 24 3 1 #"("
0 0 15 3 6 #"define"
0 0 24 3 1 #" "
0 0 14 3 3 #"fib"
0 0 24 3 2 #" ("
0 0 14 3 11 #"cons-stream"
0 0 24 3 1 #" "
0 0 21 3 1 #"0"
0 0 24 29 1 #"\n"
0 0 24 3 26 #"                         ("
0 0 14 3 11 #"cons-stream"
0 0 24 3 1 #" "
0 0 21 3 1 #"1"
0 0 24 29 1 #"\n"
0 0 24 3 39 #"                                      ("
0 0 14 3 11 #"add-streams"
0 0 24 3 2 #" ("
0 0 14 3 10 #"cdr-stream"
0 0 24 3 1 #" "
0 0 14 3 3 #"fib"
0 0 24 3 1 #")"
0 0 24 29 1 #"\n"
0 0 24 3 51 #"                                                   "
0 0 14 3 3 #"fib"
0 0 24 3 4 #"))))"
0 0 24 29 1 #"\n"
0 0 24 3 1 #"("
0 0 15 3 6 #"define"
0 0 24 3 2 #" ("
0 0 14 3 11 #"div-streams"
0 0 24 3 1 #" "
0 0 14 3 2 #"s1"
0 0 24 3 1 #" "
0 0 14 3 2 #"s2"
0 0 24 3 1 #")"
0 0 24 29 1 #"\n"
0 0 24 3 3 #"  ("
0 0 14 3 10 #"stream-map"
0 0 24 3 1 #" "
0 0 14 3 1 #"/"
0 0 24 3 1 #" "
0 0 14 3 2 #"s1"
0 0 24 3 1 #" "
0 0 14 3 2 #"s2"
0 0 24 3 2 #"))"
0 0 24 29 1 #"\n"
0 0 24 29 1 #"\n"
0 0 24 3 1 #"("
0 0 15 3 6 #"define"
0 0 24 3 2 #" ("
0 0 14 3 11 #"mul-streams"
0 0 24 3 1 #" "
0 0 14 3 2 #"s1"
0 0 24 3 1 #" "
0 0 14 3 2 #"s2"
0 0 24 3 1 #")"
0 0 24 29 1 #"\n"
0 0 24 3 3 #"  ("
0 0 14 3 10 #"stream-map"
0 0 24 3 1 #" "
0 0 14 3 1 #"*"
0 0 24 3 1 #" "
0 0 14 3 2 #"s1"
0 0 24 3 1 #" "
0 0 14 3 2 #"s2"
0 0 24 3 2 #"))"
0 0 24 29 1 #"\n"
0 0 24 29 1 #"\n"
0 0 24 3 1 #"("
0 0 15 3 6 #"define"
0 0 24 3 2 #" ("
0 0 14 3 16 #"integrate-series"
0 0 24 3 1 #" "
0 0 14 3 1 #"s"
0 0 24 3 1 #")"
0 0 24 29 1 #"\n"
0 0 24 3 3 #"  ("
0 0 14 3 11 #"div-streams"
0 0 24 3 1 #" "
0 0 14 3 1 #"s"
0 0 24 3 1 #" "
0 0 14 3 8 #"integers"
0 0 24 3 2 #"))"
0 0 24 29 1 #"\n"
0 0 24 29 1 #"\n"
0 0 24 3 1 #"("
0 0 15 3 6 #"define"
0 0 24 3 1 #" "
0 0 14 3 13 #"cosine-series"
0 0 24 29 1 #"\n"
0 0 24 3 3 #"  ("
0 0 14 3 11 #"cons-stream"
0 0 24 3 1 #" "
0 0 21 3 1 #"1"
0 0 24 3 2 #" ("
0 0 14 3 16 #"integrate-series"
0 0 24 3 2 #" ("
0 0 14 3 12 #"scale-stream"
0 0 24 3 1 #" "
0 0 14 3 11 #"sine-series"
0 0 24 3 1 #" "
0 0 21 3 2 #"-1"
0 0 24 3 4 #"))))"
0 0 24 29 1 #"\n"
0 0 24 29 1 #"\n"
0 0 24 3 1 #"("
0 0 15 3 6 #"define"
0 0 24 3 1 #" "
0 0 14 3 11 #"sine-series"
0 0 24 29 1 #"\n"
0 0 24 3 3 #"  ("
0 0 14 3 11 #"cons-stream"
0 0 24 3 1 #" "
0 0 21 3 1 #"0"
0 0 24 3 2 #" ("
0 0 14 3 16 #"integrate-series"
0 0 24 3 1 #" "
0 0 14 3 13 #"cosine-series"
0 0 24 3 3 #")))"
0 0 24 29 1 #"\n"
0 0 24 29 1 #"\n"
0 0 24 3 1 #"("
0 0 15 3 6 #"define"
0 0 24 3 2 #" ("
0 0 14 3 4 #"take"
0 0 24 3 1 #" "
0 0 14 3 1 #"n"
0 0 24 3 1 #" "
0 0 14 3 1 #"s"
0 0 24 3 1 #")"
0 0 24 29 1 #"\n"
0 0 24 3 3 #"  ("
0 0 14 3 2 #"if"
0 0 24 3 2 #" ("
0 0 14 3 1 #"="
0 0 24 3 1 #" "
0 0 14 3 1 #"n"
0 0 24 3 1 #" "
0 0 21 3 1 #"0"
0 0 24 3 1 #")"
0 0 24 29 1 #"\n"
0 0 24 3 6 #"      "
0 0 14 3 16 #"the-empty-stream"
0 0 24 29 1 #"\n"
0 0 24 3 7 #"      ("
0 0 14 3 11 #"cons-stream"
0 0 24 3 2 #" ("
0 0 14 3 10 #"car-stream"
0 0 24 3 1 #" "
0 0 14 3 1 #"s"
0 0 24 3 1 #")"
0 0 24 29 1 #"\n"
0 0 24 3 20 #"                   ("
0 0 14 3 4 #"take"
0 0 24 3 2 #" ("
0 0 14 3 1 #"-"
0 0 24 3 1 #" "
0 0 14 3 1 #"n"
0 0 24 3 1 #" "
0 0 21 3 1 #"1"
0 0 24 3 3 #") ("
0 0 14 3 10 #"cdr-stream"
0 0 24 3 1 #" "
0 0 14 3 1 #"s"
0 0 24 3 5 #")))))"
0 0 24 29 1 #"\n"
0 0 24 29 1 #"\n"
0 0 24 3 1 #"("
0 0 15 3 6 #"define"
0 0 24 3 2 #" ("
0 0 14 3 12 #"sum-multiple"
0 0 24 3 1 #" "
0 0 14 3 2 #"s1"
0 0 24 3 1 #" "
0 0 14 3 2 #"s2"
0 0 24 3 1 #")"
0 0 24 29 1 #"\n"
0 0 24 3 3 #"  ("
0 0 14 3 12 #"partial-sums"
0 0 24 3 2 #" ("
0 0 14 3 11 #"mul-streams"
0 0 24 3 1 #" "
0 0 14 3 2 #"s1"
0 0 24 3 1 #" "
0 0 14 3 2 #"s2"
0 0 24 3 3 #")))"
0 0 24 29 1 #"\n"
0 0 24 29 1 #"\n"
0 0 17 3 1 #";"
0 0 17 3 1 #"("
0 0 17 3 6 #"define"
0 0 17 3 2 #" ("
0 0 17 3 10 #"mul-series"
0 0 17 3 1 #" "
0 0 17 3 2 #"s1"
0 0 17 3 4 #" s2)"
0 0 24 29 1 #"\n"
0 0 17 3 4 #";  ("
0 0 17 3 11 #"cons-stream"
0 0 17 3 2 #" ("
0 0 17 3 1 #"*"
0 0 17 3 2 #" ("
0 0 17 3 10 #"car-stream"
0 0 17 3 1 #" "
0 0 17 3 2 #"s1"
0 0 17 3 3 #") ("
0 0 17 3 10 #"car-stream"
0 0 17 3 5 #" s2))"
0 0 24 29 1 #"\n"
0 0 17 3 1 #";"
0 0 17 3 16 #"               ("
0 0 17 3 11 #"cons-stream"
0 0 17 3 5 #" (+ ("
0 0 17 3 1 #"*"
0 0 17 3 2 #" ("
0 0 17 3 10 #"car-stream"
0 0 17 3 1 #" "
0 0 17 3 2 #"s1"
0 0 17 3 3 #") ("
0 0 17 3 10 #"car-stream"
0 0 17 3 2 #" ("
0 0 17 3 16 #"cdr-stream s2)))"
0 0 24 29 1 #"\n"
0 0 17 3 36 #";                               (* ("
0 0 17 3 10 #"car-stream"
0 0 17 3 1 #" "
0 0 17 3 2 #"s2"
0 0 17 3 3 #") ("
0 0 17 3 10 #"car-stream"
0 0 17 3 2 #" ("
0 0 17 3 17 #"cdr-stream s1))))"
0 0 24 29 1 #"\n"
0 0 17 3 30 #";                            ("
0 0 17 3 16 #"cons-stream (+ ("
0 0 17 3 3 #"* ("
0 0 17 3 10 #"car-stream"
0 0 17 3 1 #" "
0 0 17 3 2 #"s1"
0 0 17 3 3 #") ("
0 0 17 3 12 #"car-stream ("
0 0 17 3 10 #"cdr-stream"
0 0 17 3 2 #" ("
0 0 17 3 10 #"cdr-stream"
0 0 17 3 7 #" s2))))"
0 0 24 29 1 #"\n"
0 0 17 3 46 #";                                            ("
0 0 17 3 1 #"*"
0 0 17 3 2 #" ("
0 0 17 3 10 #"car-stream"
0 0 17 3 1 #" "
0 0 17 3 2 #"s2"
0 0 17 3 3 #") ("
0 0 17 3 12 #"car-stream ("
0 0 17 3 10 #"cdr-stream"
0 0 17 3 2 #" ("
0 0 17 3 10 #"cdr-stream"
0 0 17 3 7 #" s1))))"
0 0 24 29 1 #"\n"
0 0 17 3 46 #";                                            ("
0 0 17 3 1 #"*"
0 0 17 3 2 #" ("
0 0 17 3 10 #"car-stream"
0 0 17 3 2 #" ("
0 0 17 3 10 #"cdr-stream"
0 0 17 3 1 #" "
0 0 17 3 2 #"s1"
0 0 17 3 4 #")) ("
0 0 17 3 10 #"car-stream"
0 0 17 3 2 #" ("
0 0 17 3 10 #"cdr-stream"
0 0 17 3 7 #" s2))))"
0 0 24 29 1 #"\n"
0 0 17 3 50 #";                                         null))))"
0 0 24 29 1 #"\n"
0 0 24 29 1 #"\n"
0 0 24 3 1 #"("
0 0 15 3 6 #"define"
0 0 24 3 2 #" ("
0 0 14 3 10 #"mul-series"
0 0 24 3 1 #" "
0 0 14 3 2 #"s1"
0 0 24 3 1 #" "
0 0 14 3 2 #"s2"
0 0 24 3 1 #")"
0 0 24 29 1 #"\n"
0 0 24 3 3 #"  ("
0 0 14 3 11 #"cons-stream"
0 0 24 3 2 #" ("
0 0 14 3 1 #"*"
0 0 24 3 2 #" ("
0 0 14 3 10 #"car-stream"
0 0 24 3 1 #" "
0 0 14 3 2 #"s1"
0 0 24 3 3 #") ("
0 0 14 3 10 #"car-stream"
0 0 24 3 1 #" "
0 0 14 3 2 #"s2"
0 0 24 3 2 #"))"
0 0 24 29 1 #"\n"
0 0 24 3 16 #"               ("
0 0 14 3 11 #"add-streams"
0 0 24 3 2 #" ("
0 0 14 3 11 #"add-streams"
0 0 24 3 2 #" ("
0 0 14 3 12 #"scale-stream"
0 0 24 3 2 #" ("
0 0 14 3 10 #"cdr-stream"
0 0 24 3 1 #" "
0 0 14 3 2 #"s1"
0 0 24 3 3 #") ("
0 0 14 3 10 #"car-stream"
0 0 24 3 1 #" "
0 0 14 3 2 #"s2"
0 0 24 3 2 #"))"
0 0 24 29 1 #"\n"
0 0 24 3 42 #"                                         ("
0 0 14 3 12 #"scale-stream"
0 0 24 3 2 #" ("
0 0 14 3 10 #"cdr-stream"
0 0 24 3 1 #" "
0 0 14 3 2 #"s2"
0 0 24 3 3 #") ("
0 0 14 3 10 #"car-stream"
0 0 24 3 1 #" "
0 0 14 3 2 #"s1"
0 0 24 3 3 #")))"
0 0 24 29 1 #"\n"
0 0 24 3 29 #"                            ("
0 0 14 3 11 #"cons-stream"
0 0 24 3 1 #" "
0 0 21 3 1 #"0"
0 0 24 3 2 #" ("
0 0 14 3 10 #"mul-series"
0 0 24 3 2 #" ("
0 0 14 3 10 #"cdr-stream"
0 0 24 3 1 #" "
0 0 14 3 2 #"s1"
0 0 24 3 3 #") ("
0 0 14 3 10 #"cdr-stream"
0 0 24 3 1 #" "
0 0 14 3 2 #"s2"
0 0 24 3 6 #"))))))"
0 0 24 29 1 #"\n"
0 0 24 29 1 #"\n"
0 0 24 3 1 #"("
0 0 15 3 6 #"define"
0 0 24 3 2 #" ("
0 0 14 3 11 #"mul-series1"
0 0 24 3 1 #" "
0 0 14 3 2 #"s1"
0 0 24 3 1 #" "
0 0 14 3 2 #"s2"
0 0 24 3 1 #")"
0 0 24 29 1 #"\n"
0 0 24 3 3 #"  ("
0 0 14 3 11 #"cons-stream"
0 0 24 3 2 #" ("
0 0 14 3 1 #"*"
0 0 24 3 2 #" ("
0 0 14 3 10 #"car-stream"
0 0 24 3 1 #" "
0 0 14 3 2 #"s1"
0 0 24 3 3 #") ("
0 0 14 3 10 #"car-stream"
0 0 24 3 1 #" "
0 0 14 3 2 #"s2"
0 0 24 3 2 #"))"
0 0 24 29 1 #"\n"
0 0 24 3 16 #"               ("
0 0 14 3 11 #"add-streams"
0 0 24 3 2 #" ("
0 0 14 3 12 #"scale-stream"
0 0 24 3 2 #" ("
0 0 14 3 10 #"cdr-stream"
0 0 24 3 1 #" "
0 0 14 3 2 #"s2"
0 0 24 3 3 #") ("
0 0 14 3 10 #"car-stream"
0 0 24 3 1 #" "
0 0 14 3 2 #"s1"
0 0 24 3 2 #"))"
0 0 24 29 1 #"\n"
0 0 24 3 29 #"                            ("
0 0 14 3 11 #"mul-series1"
0 0 24 3 2 #" ("
0 0 14 3 10 #"cdr-stream"
0 0 24 3 1 #" "
0 0 14 3 2 #"s1"
0 0 24 3 2 #") "
0 0 14 3 2 #"s2"
0 0 24 3 4 #"))))"
0 0 24 29 1 #"\n"
0 0 24 3 28 #"                            "
0 0 24 29 1 #"\n"
0 0 24 3 1 #"("
0 0 15 3 6 #"define"
0 0 24 3 2 #" ("
0 0 14 3 1 #"c"
0 0 24 3 1 #" "
0 0 14 3 2 #"s1"
0 0 24 3 1 #" "
0 0 14 3 2 #"s2"
0 0 24 3 1 #")"
0 0 24 29 1 #"\n"
0 0 24 3 3 #"  ("
0 0 14 3 11 #"cons-stream"
0 0 24 3 2 #" ("
0 0 14 3 11 #"add-streams"
0 0 24 3 2 #" ("
0 0 14 3 12 #"scale-stream"
0 0 24 3 2 #" ("
0 0 14 3 10 #"cdr-stream"
0 0 24 3 1 #" "
0 0 14 3 2 #"s1"
0 0 24 3 3 #") ("
0 0 14 3 10 #"car-stream"
0 0 24 3 1 #" "
0 0 14 3 2 #"s2"
0 0 24 3 2 #"))"
0 0 24 29 1 #"\n"
0 0 24 3 29 #"                            ("
0 0 14 3 12 #"scale-stream"
0 0 24 3 2 #" ("
0 0 14 3 10 #"cdr-stream"
0 0 24 3 1 #" "
0 0 14 3 2 #"s2"
0 0 24 3 3 #") ("
0 0 14 3 10 #"car-stream"
0 0 24 3 1 #" "
0 0 14 3 2 #"s1"
0 0 24 3 3 #")))"
0 0 24 29 1 #"\n"
0 0 24 3 16 #"               ("
0 0 14 3 11 #"cons-stream"
0 0 24 3 2 #" ("
0 0 14 3 11 #"add-streams"
0 0 24 3 2 #" ("
0 0 14 3 12 #"scale-stream"
0 0 24 3 2 #" ("
0 0 14 3 10 #"cdr-stream"
0 0 24 3 1 #" "
0 0 14 3 2 #"s1"
0 0 24 3 3 #") ("
0 0 14 3 10 #"car-stream"
0 0 24 3 1 #" "
0 0 14 3 2 #"s2"
0 0 24 3 2 #"))"
0 0 24 29 1 #"\n"
0 0 24 3 42 #"                                         ("
0 0 14 3 12 #"scale-stream"
0 0 24 3 2 #" ("
0 0 14 3 10 #"cdr-stream"
0 0 24 3 1 #" "
0 0 14 3 2 #"s2"
0 0 24 3 3 #") ("
0 0 14 3 10 #"car-stream"
0 0 24 3 1 #" "
0 0 14 3 2 #"s1"
0 0 24 3 3 #")))"
0 0 24 29 1 #"\n"
0 0 24 3 28 #"                            "
0 0 14 3 4 #"null"
0 0 24 3 3 #")))"
0 0 24 29 1 #"\n"
0 0 24 29 1 #"\n"
0 0 24 3 42 #"                                          "
0 0 24 29 1 #"\n"
0 0 17 3 30 #";                            ("
0 0 17 3 11 #"add-streams"
0 0 17 3 2 #" ("
0 0 17 3 12 #"scale-stream"
0 0 17 3 12 #" (cdr-stream"
0 0 17 3 1 #" "
0 0 17 3 2 #"s1"
0 0 17 3 3 #") ("
0 0 17 3 10 #"car-stream"
0 0 17 3 5 #" s2))"
0 0 24 29 1 #"\n"
0 0 17 3 43 #";                                         ("
0 0 17 3 10 #"mul-series"
0 0 17 3 2 #" ("
0 0 17 3 10 #"cdr-stream"
0 0 17 3 1 #" "
0 0 17 3 2 #"s1"
0 0 17 3 3 #") ("
0 0 17 3 10 #"cdr-stream"
0 0 17 3 9 #" s2))))))"
0 0 24 29 1 #"\n"
0 0 24 29 1 #"\n"
0 0 24 3 1 #"("
0 0 15 3 6 #"define"
0 0 24 3 1 #" "
0 0 14 3 1 #"T"
0 0 24 3 2 #" ("
0 0 14 3 10 #"mul-series"
0 0 24 3 1 #" "
0 0 14 3 8 #"integers"
0 0 24 3 1 #" "
0 0 14 3 8 #"integers"
0 0 24 3 2 #"))"
0 0 24 29 1 #"\n"
0 0 17 3 8 #";(print "
0 0 17 3 2 #"10"
0 0 17 3 1 #" "
0 0 17 3 2 #"T)"
0 0 24 29 1 #"\n"
0 0 24 3 1 #"("
0 0 15 3 6 #"define"
0 0 24 3 1 #" "
0 0 14 3 2 #"T1"
0 0 24 3 2 #" ("
0 0 14 3 10 #"mul-series"
0 0 24 3 1 #" "
0 0 14 3 8 #"integers"
0 0 24 3 1 #" "
0 0 14 3 8 #"integers"
0 0 24 3 2 #"))"
0 0 24 29 1 #"\n"
0 0 17 3 8 #";(print "
0 0 17 3 2 #"10"
0 0 17 3 1 #" "
0 0 17 3 3 #"T1)"
0 0 24 29 1 #"\n"
0 0 17 3 2 #";("
0 0 17 3 6 #"define"
0 0 17 3 2 #" ("
0 0 17 3 10 #"mul-series"
0 0 17 3 7 #" s1 s2)"
0 0 24 29 1 #"\n"
0 0 17 3 4 #";  ("
0 0 17 3 11 #"cons-stream"
0 0 17 3 3 #" (*"
0 0 17 3 2 #" ("
0 0 17 3 10 #"car-stream"
0 0 17 3 1 #" "
0 0 17 3 15 #"s1) (car-stream"
0 0 17 3 5 #" s2))"
0 0 24 29 1 #"\n"
0 0 17 3 17 #";               ("
0 0 17 3 11 #"add-streams"
0 0 17 3 1 #" "
0 0 17 3 2 #"??"
0 0 17 3 6 #" ??)))"
0 0 24 29 1 #"\n"
0 0 24 29 1 #"\n"
0 0 24 29 1 #"\n"
0 0 24 3 1 #"("
0 0 15 3 6 #"define"
0 0 24 3 1 #" "
0 0 14 3 2 #"s1"
0 0 24 3 2 #" ("
0 0 14 3 10 #"mul-series"
0 0 24 3 1 #" "
0 0 14 3 13 #"cosine-series"
0 0 24 3 1 #" "
0 0 14 3 13 #"cosine-series"
0 0 24 3 2 #"))"
0 0 24 29 1 #"\n"
0 0 24 3 1 #"("
0 0 15 3 6 #"define"
0 0 24 3 1 #" "
0 0 14 3 2 #"s2"
0 0 24 3 2 #" ("
0 0 14 3 10 #"mul-series"
0 0 24 3 1 #" "
0 0 14 3 11 #"sine-series"
0 0 24 3 1 #" "
0 0 14 3 11 #"sine-series"
0 0 24 3 2 #"))"
0 0 24 29 1 #"\n"
0 0 24 3 1 #"("
0 0 15 3 6 #"define"
0 0 24 3 1 #" "
0 0 14 3 2 #"s3"
0 0 24 3 2 #" ("
0 0 14 3 11 #"add-streams"
0 0 24 3 1 #" "
0 0 14 3 2 #"s1"
0 0 24 3 1 #" "
0 0 14 3 2 #"s2"
0 0 24 3 2 #"))"
0 0 24 29 1 #"\n"
0 0 17 3 8 #";(print "
0 0 17 3 2 #"10"
0 0 17 3 1 #" "
0 0 17 3 3 #"s3)"
0 0 24 29 1 #"\n"
0 0 24 29 1 #"\n"
0 0 17 3 7 #";; 3.61"
0 0 24 29 1 #"\n"
0 0 24 3 1 #"("
0 0 15 3 6 #"define"
0 0 24 3 2 #" ("
0 0 14 3 18 #"invert-unit-series"
0 0 24 3 1 #" "
0 0 14 3 1 #"S"
0 0 24 3 1 #")"
0 0 24 29 1 #"\n"
0 0 24 3 3 #"  ("
0 0 15 3 6 #"define"
0 0 24 3 1 #" "
0 0 14 3 8 #"inverted"
0 0 24 29 1 #"\n"
0 0 24 3 5 #"    ("
0 0 14 3 11 #"cons-stream"
0 0 24 3 1 #" "
0 0 21 3 1 #"1"
0 0 24 29 1 #"\n"
0 0 24 3 18 #"                 ("
0 0 14 3 12 #"scale-stream"
0 0 24 3 2 #" ("
0 0 14 3 10 #"mul-series"
0 0 24 3 2 #" ("
0 0 14 3 10 #"cdr-stream"
0 0 24 3 1 #" "
0 0 14 3 1 #"S"
0 0 24 3 2 #") "
0 0 14 3 8 #"inverted"
0 0 24 3 2 #") "
0 0 21 3 2 #"-1"
0 0 24 3 3 #")))"
0 0 24 29 1 #"\n"
0 0 24 3 2 #"  "
0 0 14 3 8 #"inverted"
0 0 24 3 1 #")"
0 0 24 29 1 #"\n"
0 0 24 29 1 #"\n"
0 0 24 3 1 #"("
0 0 15 3 6 #"define"
0 0 24 3 2 #" ("
0 0 14 3 1 #"w"
0 0 24 3 1 #" "
0 0 14 3 1 #"S"
0 0 24 3 1 #")"
0 0 24 29 1 #"\n"
0 0 24 3 3 #"  ("
0 0 15 3 6 #"define"
0 0 24 3 1 #" "
0 0 14 3 18 #"invert-unit-series"
0 0 24 29 1 #"\n"
0 0 24 3 5 #"    ("
0 0 14 3 11 #"cons-stream"
0 0 24 3 1 #" "
0 0 21 3 1 #"1"
0 0 24 29 1 #"\n"
0 0 24 3 18 #"                 ("
0 0 14 3 12 #"scale-stream"
0 0 24 3 2 #" ("
0 0 14 3 10 #"mul-series"
0 0 24 3 2 #" ("
0 0 14 3 10 #"cdr-stream"
0 0 24 3 1 #" "
0 0 14 3 1 #"S"
0 0 24 3 2 #") "
0 0 14 3 18 #"invert-unit-series"
0 0 24 3 2 #") "
0 0 21 3 2 #"-1"
0 0 24 3 3 #")))"
0 0 24 29 1 #"\n"
0 0 24 3 2 #"  "
0 0 14 3 18 #"invert-unit-series"
0 0 24 3 1 #")"
0 0 24 29 1 #"\n"
0 0 24 29 1 #"\n"
0 0 24 3 1 #"("
0 0 15 3 6 #"define"
0 0 24 3 1 #" "
0 0 14 3 8 #"inverted"
0 0 24 3 2 #" ("
0 0 14 3 18 #"invert-unit-series"
0 0 24 3 1 #" "
0 0 14 3 8 #"integers"
0 0 24 3 2 #"))"
0 0 24 29 1 #"\n"
0 0 24 3 1 #"("
0 0 15 3 6 #"define"
0 0 24 3 1 #" "
0 0 14 3 4 #"test"
0 0 24 3 2 #" ("
0 0 14 3 10 #"mul-series"
0 0 24 3 1 #" "
0 0 14 3 8 #"integers"
0 0 24 3 1 #" "
0 0 14 3 8 #"inverted"
0 0 24 3 2 #"))"
0 0 24 29 1 #"\n"
0 0 24 3 1 #"("
0 0 15 3 6 #"define"
0 0 24 3 1 #" "
0 0 14 3 9 #"inverted2"
0 0 24 3 2 #" ("
0 0 14 3 1 #"w"
0 0 24 3 1 #" "
0 0 14 3 8 #"integers"
0 0 24 3 2 #"))"
0 0 24 29 1 #"\n"
0 0 17 3 8 #";(print "
0 0 17 3 1 #"5"
0 0 17 3 1 #" "
0 0 17 3 9 #"inverted)"
0 0 24 29 1 #"\n"
0 0 17 3 8 #";(print "
0 0 17 3 1 #"5"
0 0 17 3 1 #" "
0 0 17 3 10 #"inverted2)"
0 0 24 29 1 #"\n"
0 0 24 29 1 #"\n"
0 0 17 3 7 #";; 3.62"
0 0 24 29 1 #"\n"
0 0 24 3 1 #"("
0 0 15 3 6 #"define"
0 0 24 3 2 #" ("
0 0 14 3 10 #"div-series"
0 0 24 3 1 #" "
0 0 14 3 2 #"S1"
0 0 24 3 1 #" "
0 0 14 3 2 #"S2"
0 0 24 3 1 #")"
0 0 24 29 1 #"\n"
0 0 24 3 3 #"  ("
0 0 14 3 2 #"if"
0 0 24 3 2 #" ("
0 0 14 3 1 #"="
0 0 24 3 2 #" ("
0 0 14 3 10 #"car-stream"
0 0 24 3 1 #" "
0 0 14 3 2 #"S2"
0 0 24 3 2 #") "
0 0 21 3 1 #"0"
0 0 24 3 1 #")"
0 0 24 29 1 #"\n"
0 0 24 3 7 #"      ("
0 0 14 3 5 #"error"
0 0 24 3 1 #" "
0 0 19 3 27 #"\"Attempting to divide by 0\""
0 0 24 3 1 #")"
0 0 24 29 1 #"\n"
0 0 24 3 7 #"      ("
0 0 14 3 10 #"mul-series"
0 0 24 3 1 #" "
0 0 14 3 2 #"S1"
0 0 24 3 2 #" ("
0 0 14 3 18 #"invert-unit-series"
0 0 24 3 1 #" "
0 0 14 3 2 #"S2"
0 0 24 3 4 #"))))"
0 0 24 29 1 #"\n"
0 0 24 29 1 #"\n"
0 0 17 3 8 #";(print "
0 0 17 3 2 #"20"
0 0 17 3 2 #" ("
0 0 17 3 10 #"div-series"
0 0 17 3 1 #" "
0 0 17 3 11 #"sine-series"
0 0 17 3 1 #" "
0 0 17 3 15 #"cosine-series))"
0 0 24 29 1 #"\n"
0 0 24 29 1 #"\n"
0 0 17 3 7 #";; 3.64"
0 0 24 29 1 #"\n"
0 0 24 3 1 #"("
0 0 15 3 6 #"define"
0 0 24 3 2 #" ("
0 0 14 3 12 #"stream-limit"
0 0 24 3 1 #" "
0 0 14 3 1 #"S"
0 0 24 3 1 #" "
0 0 14 3 1 #"e"
0 0 24 3 1 #")"
0 0 24 29 1 #"\n"
0 0 24 3 3 #"  ("
0 0 14 3 2 #"if"
0 0 24 3 2 #" ("
0 0 14 3 1 #"<"
0 0 24 3 2 #" ("
0 0 14 3 3 #"abs"
0 0 24 3 2 #" ("
0 0 14 3 1 #"-"
0 0 24 3 2 #" ("
0 0 14 3 10 #"car-stream"
0 0 24 3 1 #" "
0 0 14 3 1 #"S"
0 0 24 3 3 #") ("
0 0 14 3 10 #"car-stream"
0 0 24 3 2 #" ("
0 0 14 3 10 #"cdr-stream"
0 0 24 3 1 #" "
0 0 14 3 1 #"S"
0 0 24 3 5 #")))) "
0 0 14 3 1 #"e"
0 0 24 3 1 #")"
0 0 24 29 1 #"\n"
0 0 24 3 7 #"      ("
0 0 14 3 10 #"car-stream"
0 0 24 3 1 #" "
0 0 14 3 1 #"S"
0 0 24 3 1 #")"
0 0 24 29 1 #"\n"
0 0 24 3 7 #"      ("
0 0 14 3 12 #"stream-limit"
0 0 24 3 2 #" ("
0 0 14 3 10 #"cdr-stream"
0 0 24 3 1 #" "
0 0 14 3 1 #"S"
0 0 24 3 2 #") "
0 0 14 3 1 #"e"
0 0 24 3 3 #")))"
0 0 24 29 1 #"\n"
0 0 24 29 1 #"\n"
0 0 24 3 1 #"("
0 0 15 3 6 #"define"
0 0 24 3 2 #" ("
0 0 14 3 7 #"average"
0 0 24 3 1 #" "
0 0 14 3 1 #"x"
0 0 24 3 1 #" "
0 0 14 3 1 #"y"
0 0 24 3 1 #")"
0 0 24 29 1 #"\n"
0 0 24 3 3 #"  ("
0 0 14 3 1 #"/"
0 0 24 3 2 #" ("
0 0 14 3 1 #"+"
0 0 24 3 1 #" "
0 0 14 3 1 #"x"
0 0 24 3 1 #" "
0 0 14 3 1 #"y"
0 0 24 3 2 #") "
0 0 21 3 1 #"2"
0 0 24 3 2 #"))"
0 0 24 29 1 #"\n"
0 0 24 3 1 #"("
0 0 15 3 6 #"define"
0 0 24 3 2 #" ("
0 0 14 3 12 #"sqrt-improve"
0 0 24 3 1 #" "
0 0 14 3 5 #"guess"
0 0 24 3 1 #" "
0 0 14 3 1 #"x"
0 0 24 3 1 #")"
0 0 24 29 1 #"\n"
0 0 24 3 3 #"  ("
0 0 14 3 7 #"average"
0 0 24 3 1 #" "
0 0 14 3 5 #"guess"
0 0 24 3 2 #" ("
0 0 14 3 1 #"/"
0 0 24 3 1 #" "
0 0 14 3 1 #"x"
0 0 24 3 1 #" "
0 0 14 3 5 #"guess"
0 0 24 3 3 #")))"
0 0 24 29 1 #"\n"
0 0 24 29 1 #"\n"
0 0 24 3 1 #"("
0 0 15 3 6 #"define"
0 0 24 3 2 #" ("
0 0 14 3 11 #"sqrt-stream"
0 0 24 3 1 #" "
0 0 14 3 1 #"x"
0 0 24 3 1 #")"
0 0 24 29 1 #"\n"
0 0 24 3 3 #"  ("
0 0 15 3 6 #"define"
0 0 24 3 1 #" "
0 0 14 3 7 #"guesses"
0 0 24 29 1 #"\n"
0 0 24 3 5 #"    ("
0 0 14 3 11 #"cons-stream"
0 0 24 3 1 #" "
0 0 21 3 3 #"1.0"
0 0 24 29 1 #"\n"
0 0 24 3 18 #"                 ("
0 0 14 3 10 #"stream-map"
0 0 24 3 2 #" ("
0 0 15 3 6 #"lambda"
0 0 24 3 2 #" ("
0 0 14 3 5 #"guess"
0 0 24 3 1 #")"
0 0 24 29 1 #"\n"
0 0 24 3 32 #"                               ("
0 0 14 3 12 #"sqrt-improve"
0 0 24 3 1 #" "
0 0 14 3 5 #"guess"
0 0 24 3 1 #" "
0 0 14 3 1 #"x"
0 0 24 3 3 #")) "
0 0 14 3 7 #"guesses"
0 0 24 3 3 #")))"
0 0 24 29 1 #"\n"
0 0 24 3 2 #"  "
0 0 14 3 7 #"guesses"
0 0 24 3 1 #")"
0 0 24 29 1 #"\n"
0 0 24 3 1 #"("
0 0 15 3 6 #"define"
0 0 24 3 2 #" ("
0 0 14 3 4 #"sqrt"
0 0 24 3 1 #" "
0 0 14 3 1 #"x"
0 0 24 3 1 #" "
0 0 14 3 9 #"tolerance"
0 0 24 3 1 #")"
0 0 24 29 1 #"\n"
0 0 24 3 3 #"  ("
0 0 14 3 12 #"stream-limit"
0 0 24 3 2 #" ("
0 0 14 3 11 #"sqrt-stream"
0 0 24 3 1 #" "
0 0 14 3 1 #"x"
0 0 24 3 2 #") "
0 0 14 3 9 #"tolerance"
0 0 24 3 2 #"))"
0 0 24 29 1 #"\n"
0 0 24 29 1 #"\n"
0 0 24 3 1 #"("
0 0 14 3 4 #"sqrt"
0 0 24 3 1 #" "
0 0 21 3 1 #"2"
0 0 24 3 1 #" "
0 0 21 3 4 #"0.01"
0 0 24 3 1 #")"
0 0 24 29 1 #"\n"
0 0 24 29 1 #"\n"
0 0 17 3 7 #";; 3.65"
0 0 24 29 1 #"\n"
0 0 24 3 1 #"("
0 0 15 3 6 #"define"
0 0 24 3 2 #" ("
0 0 14 3 6 #"log2-s"
0 0 24 3 1 #" "
0 0 14 3 1 #"n"
0 0 24 3 1 #")"
0 0 24 29 1 #"\n"
0 0 24 3 3 #"  ("
0 0 14 3 11 #"cons-stream"
0 0 24 3 2 #" ("
0 0 14 3 1 #"/"
0 0 24 3 1 #" "
0 0 21 3 3 #"1.0"
0 0 24 3 1 #" "
0 0 14 3 1 #"n"
0 0 24 3 1 #")"
0 0 24 29 1 #"\n"
0 0 24 3 16 #"               ("
0 0 14 3 10 #"stream-map"
0 0 24 3 1 #" "
0 0 14 3 1 #"-"
0 0 24 3 2 #" ("
0 0 14 3 6 #"log2-s"
0 0 24 3 2 #" ("
0 0 14 3 1 #"+"
0 0 24 3 1 #" "
0 0 14 3 1 #"n"
0 0 24 3 1 #" "
0 0 21 3 1 #"1"
0 0 24 3 5 #")))))"
0 0 24 29 1 #"\n"
0 0 24 29 1 #"\n"
0 0 24 3 1 #"("
0 0 15 3 6 #"define"
0 0 24 3 1 #" "
0 0 14 3 4 #"log2"
0 0 24 3 2 #" ("
0 0 14 3 12 #"partial-sums"
0 0 24 3 2 #" ("
0 0 14 3 6 #"log2-s"
0 0 24 3 1 #" "
0 0 21 3 1 #"1"
0 0 24 3 3 #")))"
0 0 24 29 1 #"\n"
0 0 24 29 1 #"\n"
0 0 24 3 1 #"("
0 0 15 3 6 #"define"
0 0 24 3 2 #" ("
0 0 14 3 6 #"square"
0 0 24 3 1 #" "
0 0 14 3 1 #"n"
0 0 24 3 3 #") ("
0 0 14 3 1 #"*"
0 0 24 3 1 #" "
0 0 14 3 1 #"n"
0 0 24 3 1 #" "
0 0 14 3 1 #"n"
0 0 24 3 2 #"))"
0 0 24 29 1 #"\n"
0 0 24 29 1 #"\n"
0 0 24 3 1 #"("
0 0 15 3 6 #"define"
0 0 24 3 2 #" ("
0 0 14 3 10 #"stream-ref"
0 0 24 3 1 #" "
0 0 14 3 1 #"s"
0 0 24 3 1 #" "
0 0 14 3 1 #"n"
0 0 24 3 1 #")"
0 0 24 29 1 #"\n"
0 0 24 3 3 #"  ("
0 0 14 3 2 #"if"
0 0 24 3 2 #" ("
0 0 14 3 1 #"="
0 0 24 3 1 #" "
0 0 14 3 1 #"n"
0 0 24 3 1 #" "
0 0 21 3 1 #"0"
0 0 24 3 1 #")"
0 0 24 29 1 #"\n"
0 0 24 3 7 #"      ("
0 0 14 3 10 #"car-stream"
0 0 24 3 1 #" "
0 0 14 3 1 #"s"
0 0 24 3 1 #")"
0 0 24 29 1 #"\n"
0 0 24 3 7 #"      ("
0 0 14 3 10 #"stream-ref"
0 0 24 3 2 #" ("
0 0 14 3 10 #"cdr-stream"
0 0 24 3 1 #" "
0 0 14 3 1 #"s"
0 0 24 3 3 #") ("
0 0 14 3 1 #"-"
0 0 24 3 1 #" "
0 0 14 3 1 #"n"
0 0 24 3 1 #" "
0 0 21 3 1 #"1"
0 0 24 3 4 #"))))"
0 0 24 29 1 #"\n"
0 0 24 29 1 #"\n"
0 0 24 3 1 #"("
0 0 15 3 6 #"define"
0 0 24 3 2 #" ("
0 0 14 3 15 #"euler-transform"
0 0 24 3 1 #" "
0 0 14 3 1 #"s"
0 0 24 3 1 #")"
0 0 24 29 1 #"\n"
0 0 24 3 3 #"  ("
0 0 15 3 3 #"let"
0 0 24 3 3 #" (("
0 0 14 3 2 #"s0"
0 0 24 3 2 #" ("
0 0 14 3 10 #"stream-ref"
0 0 24 3 1 #" "
0 0 14 3 1 #"s"
0 0 24 3 1 #" "
0 0 21 3 1 #"0"
0 0 24 3 2 #"))"
0 0 24 29 1 #"\n"
0 0 24 3 9 #"        ("
0 0 14 3 2 #"s1"
0 0 24 3 2 #" ("
0 0 14 3 10 #"stream-ref"
0 0 24 3 1 #" "
0 0 14 3 1 #"s"
0 0 24 3 1 #" "
0 0 21 3 1 #"1"
0 0 24 3 2 #"))"
0 0 24 29 1 #"\n"
0 0 24 3 9 #"        ("
0 0 14 3 2 #"s2"
0 0 24 3 2 #" ("
0 0 14 3 10 #"stream-ref"
0 0 24 3 1 #" "
0 0 14 3 1 #"s"
0 0 24 3 1 #" "
0 0 21 3 1 #"2"
0 0 24 3 3 #")))"
0 0 24 29 1 #"\n"
0 0 24 3 5 #"    ("
0 0 14 3 11 #"cons-stream"
0 0 24 3 2 #" ("
0 0 14 3 1 #"-"
0 0 24 3 1 #" "
0 0 14 3 2 #"s2"
0 0 24 3 2 #" ("
0 0 14 3 1 #"/"
0 0 24 3 2 #" ("
0 0 14 3 6 #"square"
0 0 24 3 2 #" ("
0 0 14 3 1 #"-"
0 0 24 3 1 #" "
0 0 14 3 2 #"s2"
0 0 24 3 1 #" "
0 0 14 3 2 #"s1"
0 0 24 3 2 #"))"
0 0 24 29 1 #"\n"
0 0 24 3 21 #"                    ("
0 0 14 3 1 #"+"
0 0 24 3 1 #" "
0 0 14 3 2 #"s0"
0 0 24 3 2 #" ("
0 0 14 3 1 #"*"
0 0 24 3 1 #" "
0 0 21 3 2 #"-2"
0 0 24 3 1 #" "
0 0 14 3 2 #"s1"
0 0 24 3 2 #") "
0 0 14 3 2 #"s2"
0 0 24 3 3 #")))"
0 0 24 29 1 #"\n"
0 0 24 3 18 #"                 ("
0 0 14 3 15 #"euler-transform"
0 0 24 3 2 #" ("
0 0 14 3 10 #"cdr-stream"
0 0 24 3 1 #" "
0 0 14 3 1 #"s"
0 0 24 3 5 #")))))"
0 0 24 29 1 #"\n"
0 0 24 29 1 #"\n"
0 0 17 3 8 #";(print "
0 0 17 3 2 #"10"
0 0 17 3 1 #" "
0 0 17 3 5 #"log2)"
0 0 24 29 1 #"\n"
0 0 17 3 8 #";(print "
0 0 17 3 2 #"10"
0 0 17 3 3 #"  ("
0 0 17 3 15 #"euler-transform"
0 0 17 3 1 #" "
0 0 17 3 6 #"log2))"
0 0 24 29 1 #"\n"
0 0 24 29 1 #"\n"
0 0 17 3 7 #";; 3.66"
0 0 24 29 1 #"\n"
0 0 24 3 1 #"("
0 0 15 3 6 #"define"
0 0 24 3 2 #" ("
0 0 14 3 10 #"interleave"
0 0 24 3 1 #" "
0 0 14 3 2 #"s1"
0 0 24 3 1 #" "
0 0 14 3 2 #"s2"
0 0 24 3 1 #")"
0 0 24 29 1 #"\n"
0 0 24 3 3 #"  ("
0 0 14 3 2 #"if"
0 0 24 3 2 #" ("
0 0 14 3 12 #"stream-null?"
0 0 24 3 1 #" "
0 0 14 3 2 #"s1"
0 0 24 3 1 #")"
0 0 24 29 1 #"\n"
0 0 24 3 6 #"      "
0 0 14 3 2 #"s2"
0 0 24 29 1 #"\n"
0 0 24 3 7 #"      ("
0 0 14 3 11 #"cons-stream"
0 0 24 3 2 #" ("
0 0 14 3 10 #"stream-car"
0 0 24 3 1 #" "
0 0 14 3 2 #"s1"
0 0 24 3 1 #")"
0 0 24 29 1 #"\n"
0 0 24 3 20 #"                   ("
0 0 14 3 10 #"interleave"
0 0 24 3 1 #" "
0 0 14 3 2 #"s2"
0 0 24 3 2 #" ("
0 0 14 3 10 #"stream-cdr"
0 0 24 3 1 #" "
0 0 14 3 2 #"s1"
0 0 24 3 5 #")))))"
0 0 24 29 1 #"\n"
0 0 24 29 1 #"\n"
0 0 24 3 1 #"("
0 0 15 3 6 #"define"
0 0 24 3 1 #" "
0 0 14 3 10 #"stream-car"
0 0 24 3 1 #" "
0 0 14 3 10 #"car-stream"
0 0 24 3 1 #")"
0 0 24 29 1 #"\n"
0 0 24 3 1 #"("
0 0 15 3 6 #"define"
0 0 24 3 1 #" "
0 0 14 3 10 #"stream-cdr"
0 0 24 3 1 #" "
0 0 14 3 10 #"cdr-stream"
0 0 24 3 1 #")"
0 0 24 29 1 #"\n"
0 0 24 29 1 #"\n"
0 0 24 3 1 #"("
0 0 15 3 6 #"define"
0 0 24 3 2 #" ("
0 0 14 3 5 #"pairs"
0 0 24 3 1 #" "
0 0 14 3 1 #"s"
0 0 24 3 1 #" "
0 0 14 3 1 #"t"
0 0 24 3 1 #")"
0 0 24 29 1 #"\n"
0 0 24 3 3 #"  ("
0 0 14 3 11 #"cons-stream"
0 0 24 3 2 #" ("
0 0 14 3 4 #"list"
0 0 24 3 2 #" ("
0 0 14 3 10 #"stream-car"
0 0 24 3 1 #" "
0 0 14 3 1 #"s"
0 0 24 3 3 #") ("
0 0 14 3 10 #"stream-car"
0 0 24 3 1 #" "
0 0 14 3 1 #"t"
0 0 24 3 2 #"))"
0 0 24 29 1 #"\n"
0 0 24 3 16 #"               ("
0 0 14 3 10 #"interleave"
0 0 24 29 1 #"\n"
0 0 24 3 17 #"                ("
0 0 14 3 10 #"stream-map"
0 0 24 3 2 #" ("
0 0 15 3 6 #"lambda"
0 0 24 3 2 #" ("
0 0 14 3 1 #"x"
0 0 24 3 3 #") ("
0 0 14 3 4 #"list"
0 0 24 3 2 #" ("
0 0 14 3 10 #"stream-car"
0 0 24 3 1 #" "
0 0 14 3 1 #"s"
0 0 24 3 2 #") "
0 0 14 3 1 #"x"
0 0 24 3 2 #"))"
0 0 24 29 1 #"\n"
0 0 24 3 29 #"                            ("
0 0 14 3 10 #"stream-cdr"
0 0 24 3 1 #" "
0 0 14 3 1 #"t"
0 0 24 3 2 #"))"
0 0 24 29 1 #"\n"
0 0 24 3 17 #"                ("
0 0 14 3 5 #"pairs"
0 0 24 3 2 #" ("
0 0 14 3 10 #"stream-cdr"
0 0 24 3 1 #" "
0 0 14 3 1 #"s"
0 0 24 3 3 #") ("
0 0 14 3 10 #"stream-cdr"
0 0 24 3 1 #" "
0 0 14 3 1 #"t"
0 0 24 3 5 #")))))"
0 0 24 29 1 #"\n"
0 0 24 29 1 #"\n"
0 0 17 3 8 #";(print "
0 0 17 3 2 #"30"
0 0 17 3 2 #" ("
0 0 17 3 5 #"pairs"
0 0 17 3 1 #" "
0 0 17 3 8 #"integers"
0 0 17 3 1 #" "
0 0 17 3 10 #"integers))"
0 0 24 29 1 #"\n"
0 0 24 3 1 #"("
0 0 15 3 6 #"define"
0 0 24 3 2 #" ("
0 0 14 3 13 #"filter-stream"
0 0 24 3 1 #" "
0 0 14 3 2 #"p?"
0 0 24 3 1 #" "
0 0 14 3 1 #"s"
0 0 24 3 1 #")"
0 0 24 29 1 #"\n"
0 0 24 3 3 #"  ("
0 0 14 3 2 #"if"
0 0 24 3 2 #" ("
0 0 14 3 2 #"p?"
0 0 24 3 2 #" ("
0 0 14 3 10 #"car-stream"
0 0 24 3 1 #" "
0 0 14 3 1 #"s"
0 0 24 3 2 #"))"
0 0 24 29 1 #"\n"
0 0 24 3 7 #"      ("
0 0 14 3 11 #"cons-stream"
0 0 24 3 2 #" ("
0 0 14 3 10 #"car-stream"
0 0 24 3 1 #" "
0 0 14 3 1 #"s"
0 0 24 3 3 #") ("
0 0 14 3 13 #"filter-stream"
0 0 24 3 1 #" "
0 0 14 3 2 #"p?"
0 0 24 3 2 #" ("
0 0 14 3 10 #"cdr-stream"
0 0 24 3 1 #" "
0 0 14 3 1 #"s"
0 0 24 3 3 #")))"
0 0 24 29 1 #"\n"
0 0 24 3 7 #"      ("
0 0 14 3 13 #"filter-stream"
0 0 24 3 1 #" "
0 0 14 3 2 #"p?"
0 0 24 3 2 #" ("
0 0 14 3 10 #"cdr-stream"
0 0 24 3 1 #" "
0 0 14 3 1 #"s"
0 0 24 3 4 #"))))"
0 0 24 29 1 #"\n"
0 0 24 3 1 #"("
0 0 15 3 6 #"define"
0 0 24 3 2 #" ("
0 0 14 3 7 #"flipped"
0 0 24 3 1 #" "
0 0 14 3 1 #"s"
0 0 24 3 1 #")"
0 0 24 29 1 #"\n"
0 0 24 3 3 #"  ("
0 0 14 3 10 #"stream-map"
0 0 24 3 2 #" ("
0 0 15 3 6 #"lambda"
0 0 24 3 2 #" ("
0 0 14 3 1 #"x"
0 0 24 3 3 #") ("
0 0 15 3 5 #"begin"
0 0 24 3 2 #" ("
0 0 14 3 7 #"display"
0 0 24 3 1 #" "
0 0 14 3 1 #"x"
0 0 24 3 3 #") ("
0 0 14 3 4 #"list"
0 0 24 3 2 #" ("
0 0 14 3 4 #"cadr"
0 0 24 3 1 #" "
0 0 14 3 1 #"x"
0 0 24 3 3 #") ("
0 0 14 3 3 #"car"
0 0 24 3 1 #" "
0 0 14 3 1 #"x"
0 0 24 3 4 #"))))"
0 0 24 29 1 #"\n"
0 0 24 3 15 #"              ("
0 0 14 3 13 #"filter-stream"
0 0 24 3 2 #" ("
0 0 15 3 6 #"lambda"
0 0 24 3 2 #" ("
0 0 14 3 1 #"x"
0 0 24 3 3 #") ("
0 0 14 3 3 #"not"
0 0 24 3 2 #" ("
0 0 14 3 1 #"="
0 0 24 3 2 #" ("
0 0 14 3 3 #"car"
0 0 24 3 1 #" "
0 0 14 3 1 #"x"
0 0 24 3 3 #") ("
0 0 14 3 4 #"cadr"
0 0 24 3 1 #" "
0 0 14 3 1 #"x"
0 0 24 3 5 #")))) "
0 0 14 3 1 #"s"
0 0 24 3 3 #")))"
0 0 24 29 1 #"\n"
0 0 24 29 1 #"\n"
0 0 24 3 1 #"("
0 0 15 3 6 #"define"
0 0 24 3 2 #" ("
0 0 14 3 10 #"all-pairs1"
0 0 24 3 1 #" "
0 0 14 3 1 #"s"
0 0 24 3 1 #" "
0 0 14 3 1 #"t"
0 0 24 3 1 #")"
0 0 24 29 1 #"\n"
0 0 24 3 3 #"  ("
0 0 14 3 11 #"cons-stream"
0 0 24 3 2 #" ("
0 0 14 3 4 #"list"
0 0 24 3 2 #" ("
0 0 14 3 10 #"stream-car"
0 0 24 3 1 #" "
0 0 14 3 1 #"s"
0 0 24 3 3 #") ("
0 0 14 3 10 #"stream-car"
0 0 24 3 1 #" "
0 0 14 3 1 #"t"
0 0 24 3 2 #"))"
0 0 24 29 1 #"\n"
0 0 24 3 16 #"               ("
0 0 14 3 10 #"interleave"
0 0 24 29 1 #"\n"
0 0 24 3 17 #"                ("
0 0 14 3 10 #"stream-map"
0 0 24 3 2 #" ("
0 0 15 3 6 #"lambda"
0 0 24 3 2 #" ("
0 0 14 3 1 #"x"
0 0 24 3 3 #") ("
0 0 14 3 4 #"list"
0 0 24 3 2 #" ("
0 0 14 3 10 #"stream-car"
0 0 24 3 1 #" "
0 0 14 3 1 #"s"
0 0 24 3 2 #") "
0 0 14 3 1 #"x"
0 0 24 3 2 #"))"
0 0 24 29 1 #"\n"
0 0 24 3 29 #"                            ("
0 0 14 3 10 #"stream-cdr"
0 0 24 3 1 #" "
0 0 14 3 1 #"t"
0 0 24 3 2 #"))"
0 0 24 29 1 #"\n"
0 0 24 3 17 #"                ("
0 0 14 3 10 #"interleave"
0 0 24 3 2 #" ("
0 0 14 3 7 #"flipped"
0 0 24 3 2 #" ("
0 0 14 3 10 #"all-pairs1"
0 0 24 3 2 #" ("
0 0 14 3 10 #"stream-cdr"
0 0 24 3 1 #" "
0 0 14 3 1 #"s"
0 0 24 3 3 #") ("
0 0 14 3 10 #"stream-cdr"
0 0 24 3 1 #" "
0 0 14 3 1 #"t"
0 0 24 3 3 #")))"
0 0 24 29 1 #"\n"
0 0 24 3 29 #"                            ("
0 0 14 3 9 #"all-pairs"
0 0 24 3 2 #" ("
0 0 14 3 10 #"stream-cdr"
0 0 24 3 1 #" "
0 0 14 3 1 #"s"
0 0 24 3 3 #") ("
0 0 14 3 10 #"stream-cdr"
0 0 24 3 1 #" "
0 0 14 3 1 #"t"
0 0 24 3 6 #"))))))"
0 0 24 29 1 #"\n"
0 0 24 29 1 #"\n"
0 0 24 3 1 #"("
0 0 15 3 6 #"define"
0 0 24 3 2 #" ("
0 0 14 3 9 #"all-pairs"
0 0 24 3 1 #" "
0 0 14 3 1 #"s"
0 0 24 3 1 #" "
0 0 14 3 1 #"t"
0 0 24 3 1 #")"
0 0 24 29 1 #"\n"
0 0 24 3 3 #"  ("
0 0 14 3 11 #"cons-stream"
0 0 24 3 2 #" ("
0 0 14 3 4 #"list"
0 0 24 3 2 #" ("
0 0 14 3 10 #"stream-car"
0 0 24 3 1 #" "
0 0 14 3 1 #"s"
0 0 24 3 3 #") ("
0 0 14 3 10 #"stream-car"
0 0 24 3 1 #" "
0 0 14 3 1 #"t"
0 0 24 3 2 #"))"
0 0 24 29 1 #"\n"
0 0 24 3 16 #"               ("
0 0 14 3 10 #"interleave"
0 0 24 3 2 #" ("
0 0 14 3 10 #"interleave"
0 0 24 29 1 #"\n"
0 0 24 3 29 #"                            ("
0 0 14 3 10 #"stream-map"
0 0 24 3 2 #" ("
0 0 15 3 6 #"lambda"
0 0 24 3 2 #" ("
0 0 14 3 1 #"x"
0 0 24 3 3 #") ("
0 0 14 3 4 #"list"
0 0 24 3 2 #" ("
0 0 14 3 10 #"stream-car"
0 0 24 3 1 #" "
0 0 14 3 1 #"s"
0 0 24 3 2 #") "
0 0 14 3 1 #"x"
0 0 24 3 4 #")) ("
0 0 14 3 10 #"stream-cdr"
0 0 24 3 1 #" "
0 0 14 3 1 #"t"
0 0 24 3 2 #"))"
0 0 24 29 1 #"\n"
0 0 24 3 29 #"                            ("
0 0 14 3 10 #"stream-map"
0 0 24 3 2 #" ("
0 0 15 3 6 #"lambda"
0 0 24 3 2 #" ("
0 0 14 3 1 #"x"
0 0 24 3 3 #") ("
0 0 14 3 4 #"list"
0 0 24 3 1 #" "
0 0 14 3 1 #"x"
0 0 24 3 2 #" ("
0 0 14 3 10 #"stream-car"
0 0 24 3 1 #" "
0 0 14 3 1 #"s"
0 0 24 3 5 #"))) ("
0 0 14 3 10 #"stream-cdr"
0 0 24 3 1 #" "
0 0 14 3 1 #"t"
0 0 24 3 3 #")))"
0 0 24 29 1 #"\n"
0 0 24 3 29 #"                            ("
0 0 14 3 9 #"all-pairs"
0 0 24 3 2 #" ("
0 0 14 3 10 #"stream-cdr"
0 0 24 3 1 #" "
0 0 14 3 1 #"s"
0 0 24 3 3 #") ("
0 0 14 3 10 #"stream-cdr"
0 0 24 3 1 #" "
0 0 14 3 1 #"t"
0 0 24 3 5 #")))))"
0 0 24 29 1 #"\n"
0 0 24 29 1 #"\n"
0 0 24 3 1 #"("
0 0 15 3 6 #"define"
0 0 24 3 2 #" ("
0 0 14 3 5 #"test1"
0 0 24 3 1 #" "
0 0 14 3 1 #"s"
0 0 24 3 1 #" "
0 0 14 3 1 #"t"
0 0 24 3 1 #")"
0 0 24 29 1 #"\n"
0 0 24 3 3 #"  ("
0 0 14 3 10 #"interleave"
0 0 24 3 2 #" ("
0 0 14 3 5 #"pairs"
0 0 24 3 1 #" "
0 0 14 3 1 #"s"
0 0 24 3 1 #" "
0 0 14 3 1 #"t"
0 0 24 3 3 #") ("
0 0 14 3 7 #"flipped"
0 0 24 3 2 #" ("
0 0 14 3 5 #"pairs"
0 0 24 3 1 #" "
0 0 14 3 1 #"s"
0 0 24 3 1 #" "
0 0 14 3 1 #"t"
0 0 24 3 4 #"))))"
0 0 24 29 1 #"\n"
0 0 17 3 8 #";(print "
0 0 17 3 2 #"10"
0 0 17 3 2 #" ("
0 0 17 3 9 #"all-pairs"
0 0 17 3 1 #" "
0 0 17 3 8 #"integers"
0 0 17 3 1 #" "
0 0 17 3 10 #"integers))"
0 0 24 29 1 #"\n"
0 0 24 29 1 #"\n"
0 0 17 3 7 #";; 3.69"
0 0 24 29 1 #"\n"
0 0 24 3 1 #"("
0 0 15 3 6 #"define"
0 0 24 3 2 #" ("
0 0 14 3 7 #"triples"
0 0 24 3 1 #" "
0 0 14 3 1 #"S"
0 0 24 3 1 #" "
0 0 14 3 1 #"T"
0 0 24 3 1 #" "
0 0 14 3 1 #"U"
0 0 24 3 1 #")"
0 0 24 29 1 #"\n"
0 0 24 3 3 #"  ("
0 0 14 3 11 #"cons-stream"
0 0 24 3 2 #" ("
0 0 14 3 4 #"list"
0 0 24 3 2 #" ("
0 0 14 3 10 #"stream-car"
0 0 24 3 1 #" "
0 0 14 3 1 #"S"
0 0 24 3 3 #") ("
0 0 14 3 10 #"stream-car"
0 0 24 3 1 #" "
0 0 14 3 1 #"T"
0 0 24 3 3 #") ("
0 0 14 3 10 #"stream-car"
0 0 24 3 1 #" "
0 0 14 3 1 #"U"
0 0 24 3 2 #"))"
0 0 24 29 1 #"\n"
0 0 24 3 16 #"               ("
0 0 14 3 10 #"interleave"
0 0 24 3 2 #" ("
0 0 14 3 10 #"stream-map"
0 0 24 3 2 #" ("
0 0 15 3 6 #"lambda"
0 0 24 3 2 #" ("
0 0 14 3 1 #"x"
0 0 24 3 3 #") ("
0 0 14 3 4 #"list"
0 0 24 3 2 #" ("
0 0 14 3 10 #"stream-car"
0 0 24 3 1 #" "
0 0 14 3 1 #"S"
0 0 24 3 3 #") ("
0 0 14 3 3 #"car"
0 0 24 3 1 #" "
0 0 14 3 1 #"x"
0 0 24 3 3 #") ("
0 0 14 3 4 #"cadr"
0 0 24 3 1 #" "
0 0 14 3 1 #"x"
0 0 24 3 5 #"))) ("
0 0 14 3 10 #"stream-cdr"
0 0 24 3 2 #" ("
0 0 14 3 5 #"pairs"
0 0 24 3 1 #" "
0 0 14 3 1 #"T"
0 0 24 3 1 #" "
0 0 14 3 1 #"U"
0 0 24 3 3 #")))"
0 0 24 29 1 #"\n"
0 0 24 3 28 #"                           ("
0 0 14 3 7 #"triples"
0 0 24 3 2 #" ("
0 0 14 3 10 #"stream-cdr"
0 0 24 3 1 #" "
0 0 14 3 1 #"S"
0 0 24 3 3 #") ("
0 0 14 3 10 #"stream-cdr"
0 0 24 3 1 #" "
0 0 14 3 1 #"T"
0 0 24 3 3 #") ("
0 0 14 3 10 #"stream-cdr"
0 0 24 3 1 #" "
0 0 14 3 1 #"U"
0 0 24 3 5 #")))))"
0 0 24 29 1 #"\n"
0 0 24 3 1 #"("
0 0 15 3 6 #"define"
0 0 24 3 1 #" "
0 0 14 3 5 #"trips"
0 0 24 3 2 #" ("
0 0 14 3 7 #"triples"
0 0 24 3 1 #" "
0 0 14 3 8 #"integers"
0 0 24 3 1 #" "
0 0 14 3 8 #"integers"
0 0 24 3 1 #" "
0 0 14 3 8 #"integers"
0 0 24 3 2 #"))"
0 0 24 29 1 #"\n"
0 0 17 3 8 #";(print "
0 0 17 3 2 #"10"
0 0 17 3 1 #" "
0 0 17 3 6 #"trips)"
0 0 24 29 1 #"\n"
0 0 24 3 1 #"("
0 0 15 3 6 #"define"
0 0 24 3 1 #" "
0 0 14 3 14 #"pythag-triples"
0 0 24 29 1 #"\n"
0 0 24 3 3 #"  ("
0 0 14 3 13 #"filter-stream"
0 0 24 3 2 #" ("
0 0 15 3 6 #"lambda"
0 0 24 3 2 #" ("
0 0 14 3 1 #"x"
0 0 24 3 3 #") ("
0 0 14 3 1 #"="
0 0 24 29 1 #"\n"
0 0 24 3 31 #"                              ("
0 0 14 3 1 #"+"
0 0 24 3 2 #" ("
0 0 14 3 6 #"square"
0 0 24 3 2 #" ("
0 0 14 3 3 #"car"
0 0 24 3 1 #" "
0 0 14 3 1 #"x"
0 0 24 3 2 #"))"
0 0 24 29 1 #"\n"
0 0 24 3 34 #"                                 ("
0 0 14 3 6 #"square"
0 0 24 3 2 #" ("
0 0 14 3 4 #"cadr"
0 0 24 3 1 #" "
0 0 14 3 1 #"x"
0 0 24 3 3 #")))"
0 0 24 29 1 #"\n"
0 0 24 3 31 #"                              ("
0 0 14 3 6 #"square"
0 0 24 3 2 #" ("
0 0 14 3 5 #"caddr"
0 0 24 3 1 #" "
0 0 14 3 1 #"x"
0 0 24 3 4 #"))))"
0 0 24 29 1 #"\n"
0 0 24 3 17 #"                 "
0 0 14 3 5 #"trips"
0 0 24 3 2 #"))"
0 0 24 29 1 #"\n"
0 0 17 3 8 #";(print "
0 0 17 3 1 #"5"
0 0 17 3 1 #" "
0 0 17 3 15 #"pythag-triples)"
0 0 24 29 1 #"\n"
0 0 24 29 1 #"\n"
0 0 17 3 6 #"; 3.70"
0 0 24 29 1 #"\n"
0 0 24 3 1 #"("
0 0 15 3 6 #"define"
0 0 24 3 2 #" ("
0 0 14 3 6 #"mergew"
0 0 24 3 1 #" "
0 0 14 3 2 #"s1"
0 0 24 3 1 #" "
0 0 14 3 2 #"s2"
0 0 24 3 1 #" "
0 0 14 3 1 #"w"
0 0 24 3 1 #")"
0 0 24 29 1 #"\n"
0 0 24 3 3 #"  ("
0 0 15 3 4 #"cond"
0 0 24 3 3 #" [("
0 0 14 3 12 #"stream-null?"
0 0 24 3 1 #" "
0 0 14 3 2 #"s1"
0 0 24 3 2 #") "
0 0 14 3 2 #"s2"
0 0 24 3 1 #"]"
0 0 24 29 1 #"\n"
0 0 24 3 10 #"        [("
0 0 14 3 12 #"stream-null?"
0 0 24 3 1 #" "
0 0 14 3 2 #"s2"
0 0 24 3 2 #") "
0 0 14 3 2 #"s1"
0 0 24 3 1 #"]"
0 0 24 29 1 #"\n"
0 0 24 3 9 #"        ["
0 0 21 3 2 #"#t"
0 0 24 29 1 #"\n"
0 0 24 3 10 #"         ("
0 0 15 3 3 #"let"
0 0 24 3 3 #" (["
0 0 14 3 5 #"s1car"
0 0 24 3 2 #" ("
0 0 14 3 10 #"car-stream"
0 0 24 3 1 #" "
0 0 14 3 2 #"s1"
0 0 24 3 2 #")]"
0 0 24 29 1 #"\n"
0 0 24 3 16 #"               ["
0 0 14 3 5 #"s2car"
0 0 24 3 2 #" ("
0 0 14 3 10 #"car-stream"
0 0 24 3 1 #" "
0 0 14 3 2 #"s2"
0 0 24 3 3 #")])"
0 0 24 29 1 #"\n"
0 0 24 3 12 #"           ("
0 0 15 3 4 #"cond"
0 0 24 3 3 #" [("
0 0 14 3 1 #"<"
0 0 24 3 2 #" ("
0 0 14 3 1 #"w"
0 0 24 3 1 #" "
0 0 14 3 5 #"s1car"
0 0 24 3 3 #") ("
0 0 14 3 1 #"w"
0 0 24 3 1 #" "
0 0 14 3 5 #"s2car"
0 0 24 3 2 #"))"
0 0 24 29 1 #"\n"
0 0 24 3 19 #"                  ("
0 0 14 3 11 #"cons-stream"
0 0 24 3 1 #" "
0 0 14 3 5 #"s1car"
0 0 24 3 2 #" ("
0 0 14 3 6 #"mergew"
0 0 24 3 2 #" ("
0 0 14 3 10 #"cdr-stream"
0 0 24 3 1 #" "
0 0 14 3 2 #"s1"
0 0 24 3 2 #") "
0 0 14 3 2 #"s2"
0 0 24 3 1 #" "
0 0 14 3 1 #"w"
0 0 24 3 3 #"))]"
0 0 24 29 1 #"\n"
0 0 24 3 19 #"                 [("
0 0 14 3 1 #">"
0 0 24 3 2 #" ("
0 0 14 3 1 #"w"
0 0 24 3 1 #" "
0 0 14 3 5 #"s1car"
0 0 24 3 3 #") ("
0 0 14 3 1 #"w"
0 0 24 3 1 #" "
0 0 14 3 5 #"s2car"
0 0 24 3 2 #"))"
0 0 24 29 1 #"\n"
0 0 24 3 19 #"                  ("
0 0 14 3 11 #"cons-stream"
0 0 24 3 1 #" "
0 0 14 3 5 #"s2car"
0 0 24 3 2 #" ("
0 0 14 3 6 #"mergew"
0 0 24 3 1 #" "
0 0 14 3 2 #"s1"
0 0 24 3 2 #" ("
0 0 14 3 10 #"cdr-stream"
0 0 24 3 1 #" "
0 0 14 3 2 #"s2"
0 0 24 3 2 #") "
0 0 14 3 1 #"w"
0 0 24 3 3 #"))]"
0 0 24 29 1 #"\n"
0 0 24 3 18 #"                 ["
0 0 21 3 2 #"#t"
0 0 24 29 1 #"\n"
0 0 24 3 19 #"                  ("
0 0 14 3 11 #"cons-stream"
0 0 24 3 1 #" "
0 0 14 3 5 #"s1car"
0 0 24 29 1 #"\n"
0 0 24 3 32 #"                               ("
0 0 14 3 6 #"mergew"
0 0 24 3 2 #" ("
0 0 14 3 10 #"cdr-stream"
0 0 24 3 1 #" "
0 0 14 3 2 #"s1"
0 0 24 3 1 #")"
0 0 24 29 1 #"\n"
0 0 24 3 39 #"                                       "
0 0 14 3 2 #"s2"
0 0 24 3 1 #" "
0 0 14 3 1 #"w"
0 0 24 3 8 #"))]))]))"
0 0 24 29 1 #"\n"
0 0 24 29 1 #"\n"
0 0 24 3 1 #"("
0 0 15 3 6 #"define"
0 0 24 3 2 #" ("
0 0 14 3 6 #"weight"
0 0 24 3 1 #" "
0 0 14 3 1 #"i"
0 0 24 3 1 #")"
0 0 24 29 1 #"\n"
0 0 24 3 3 #"  ("
0 0 14 3 1 #"+"
0 0 24 3 2 #" ("
0 0 14 3 3 #"car"
0 0 24 3 1 #" "
0 0 14 3 1 #"i"
0 0 24 3 3 #") ("
0 0 14 3 4 #"cadr"
0 0 24 3 1 #" "
0 0 14 3 1 #"i"
0 0 24 3 3 #")))"
0 0 24 29 1 #"\n"
0 0 24 29 1 #"\n"
0 0 24 3 1 #"("
0 0 15 3 6 #"define"
0 0 24 3 2 #" ("
0 0 14 3 14 #"weighted-pairs"
0 0 24 3 1 #" "
0 0 14 3 1 #"s"
0 0 24 3 1 #" "
0 0 14 3 1 #"t"
0 0 24 3 1 #" "
0 0 14 3 1 #"w"
0 0 24 3 1 #")"
0 0 24 29 1 #"\n"
0 0 24 3 3 #"  ("
0 0 14 3 11 #"cons-stream"
0 0 24 3 2 #" ("
0 0 14 3 4 #"list"
0 0 24 3 2 #" ("
0 0 14 3 10 #"stream-car"
0 0 24 3 1 #" "
0 0 14 3 1 #"s"
0 0 24 3 3 #") ("
0 0 14 3 10 #"stream-car"
0 0 24 3 1 #" "
0 0 14 3 1 #"t"
0 0 24 3 2 #"))"
0 0 24 29 1 #"\n"
0 0 24 3 16 #"               ("
0 0 14 3 6 #"mergew"
0 0 24 29 1 #"\n"
0 0 24 3 17 #"                ("
0 0 14 3 10 #"stream-map"
0 0 24 3 2 #" ("
0 0 15 3 6 #"lambda"
0 0 24 3 2 #" ("
0 0 14 3 1 #"x"
0 0 24 3 3 #") ("
0 0 14 3 4 #"list"
0 0 24 3 2 #" ("
0 0 14 3 10 #"stream-car"
0 0 24 3 1 #" "
0 0 14 3 1 #"s"
0 0 24 3 2 #") "
0 0 14 3 1 #"x"
0 0 24 3 2 #"))"
0 0 24 29 1 #"\n"
0 0 24 3 29 #"                            ("
0 0 14 3 10 #"stream-cdr"
0 0 24 3 1 #" "
0 0 14 3 1 #"t"
0 0 24 3 2 #"))"
0 0 24 29 1 #"\n"
0 0 24 3 17 #"                ("
0 0 14 3 14 #"weighted-pairs"
0 0 24 3 2 #" ("
0 0 14 3 10 #"stream-cdr"
0 0 24 3 1 #" "
0 0 14 3 1 #"s"
0 0 24 3 3 #") ("
0 0 14 3 10 #"stream-cdr"
0 0 24 3 1 #" "
0 0 14 3 1 #"t"
0 0 24 3 2 #") "
0 0 14 3 1 #"w"
0 0 24 3 1 #")"
0 0 24 29 1 #"\n"
0 0 24 3 16 #"                "
0 0 14 3 1 #"w"
0 0 24 3 3 #")))"
0 0 24 29 1 #"\n"
0 0 24 29 1 #"\n"
0 0 24 3 1 #"("
0 0 15 3 6 #"define"
0 0 24 3 1 #" "
0 0 14 3 9 #"int-pairs"
0 0 24 3 2 #" ("
0 0 14 3 14 #"weighted-pairs"
0 0 24 3 1 #" "
0 0 14 3 8 #"integers"
0 0 24 3 1 #" "
0 0 14 3 8 #"integers"
0 0 24 3 1 #" "
0 0 14 3 6 #"weight"
0 0 24 3 2 #"))"
0 0 24 29 1 #"\n"
0 0 17 3 8 #";(print "
0 0 17 3 2 #"20"
0 0 17 3 1 #" "
0 0 17 3 10 #"int-pairs)"
0 0 24 29 1 #"\n"
0 0 24 29 1 #"\n"
0 0 24 3 1 #"("
0 0 15 3 6 #"define"
0 0 24 3 2 #" ("
0 0 14 3 5 #"other"
0 0 24 3 1 #" "
0 0 14 3 1 #"i"
0 0 24 3 1 #")"
0 0 24 29 1 #"\n"
0 0 24 3 3 #"  ("
0 0 14 3 1 #"+"
0 0 24 3 2 #" ("
0 0 14 3 1 #"*"
0 0 24 3 1 #" "
0 0 21 3 1 #"2"
0 0 24 3 2 #" ("
0 0 14 3 3 #"car"
0 0 24 3 1 #" "
0 0 14 3 1 #"i"
0 0 24 3 4 #")) ("
0 0 14 3 1 #"*"
0 0 24 3 1 #" "
0 0 21 3 1 #"3"
0 0 24 3 2 #" ("
0 0 14 3 4 #"cadr"
0 0 24 3 1 #" "
0 0 14 3 1 #"i"
0 0 24 3 4 #")) ("
0 0 14 3 1 #"*"
0 0 24 3 1 #" "
0 0 21 3 1 #"5"
0 0 24 3 2 #" ("
0 0 14 3 3 #"car"
0 0 24 3 1 #" "
0 0 14 3 1 #"i"
0 0 24 3 3 #") ("
0 0 14 3 4 #"cadr"
0 0 24 3 1 #" "
0 0 14 3 1 #"i"
0 0 24 3 4 #"))))"
0 0 24 29 1 #"\n"
0 0 24 29 1 #"\n"
0 0 24 3 1 #"("
0 0 15 3 6 #"define"
0 0 24 3 2 #" ("
0 0 14 3 4 #"div?"
0 0 24 3 1 #" "
0 0 14 3 1 #"x"
0 0 24 3 1 #" "
0 0 14 3 1 #"y"
0 0 24 3 3 #") ("
0 0 14 3 1 #"="
0 0 24 3 1 #" "
0 0 21 3 1 #"0"
0 0 24 3 2 #" ("
0 0 14 3 6 #"modulo"
0 0 24 3 1 #" "
0 0 14 3 1 #"x"
0 0 24 3 1 #" "
0 0 14 3 1 #"y"
0 0 24 3 3 #")))"
0 0 24 29 1 #"\n"
0 0 24 3 1 #"("
0 0 15 3 6 #"define"
0 0 24 3 1 #" "
0 0 14 3 5 #"weird"
0 0 24 3 2 #" ("
0 0 14 3 13 #"filter-stream"
0 0 24 3 2 #" ("
0 0 15 3 6 #"lambda"
0 0 24 3 2 #" ("
0 0 14 3 1 #"x"
0 0 24 3 1 #")"
0 0 24 29 1 #"\n"
0 0 24 3 32 #"                               ("
0 0 15 3 3 #"let"
0 0 24 3 3 #" (("
0 0 14 3 6 #"check?"
0 0 24 3 2 #" ("
0 0 15 3 6 #"lambda"
0 0 24 3 2 #" ("
0 0 14 3 1 #"y"
0 0 24 3 1 #")"
0 0 24 29 1 #"\n"
0 0 24 3 48 #"                                               ("
0 0 14 3 3 #"and"
0 0 24 29 1 #"\n"
0 0 24 3 49 #"                                                ("
0 0 14 3 3 #"not"
0 0 24 3 2 #" ("
0 0 14 3 4 #"div?"
0 0 24 3 1 #" "
0 0 14 3 1 #"y"
0 0 24 3 1 #" "
0 0 21 3 1 #"2"
0 0 24 3 2 #"))"
0 0 24 29 1 #"\n"
0 0 24 3 49 #"                                                ("
0 0 14 3 3 #"not"
0 0 24 3 2 #" ("
0 0 14 3 4 #"div?"
0 0 24 3 1 #" "
0 0 14 3 1 #"y"
0 0 24 3 1 #" "
0 0 21 3 1 #"3"
0 0 24 3 2 #"))"
0 0 24 29 1 #"\n"
0 0 24 3 49 #"                                                ("
0 0 14 3 3 #"not"
0 0 24 3 2 #" ("
0 0 14 3 4 #"div?"
0 0 24 3 1 #" "
0 0 14 3 1 #"y"
0 0 24 3 1 #" "
0 0 21 3 1 #"5"
0 0 24 3 6 #"))))))"
0 0 24 29 1 #"\n"
0 0 24 3 34 #"                                 ("
0 0 14 3 3 #"and"
0 0 24 3 2 #" ("
0 0 14 3 6 #"check?"
0 0 24 3 2 #" ("
0 0 14 3 3 #"car"
0 0 24 3 1 #" "
0 0 14 3 1 #"x"
0 0 24 3 4 #")) ("
0 0 14 3 6 #"check?"
0 0 24 3 2 #" ("
0 0 14 3 4 #"cadr"
0 0 24 3 1 #" "
0 0 14 3 1 #"x"
0 0 24 3 5 #")))))"
0 0 24 29 1 #"\n"
0 0 24 3 30 #"                             ("
0 0 14 3 14 #"weighted-pairs"
0 0 24 3 1 #" "
0 0 14 3 8 #"integers"
0 0 24 3 1 #" "
0 0 14 3 8 #"integers"
0 0 24 3 1 #" "
0 0 14 3 5 #"other"
0 0 24 3 3 #")))"
0 0 24 29 1 #"\n"
0 0 24 29 1 #"\n"
0 0 17 3 6 #"; 3.71"
0 0 24 29 1 #"\n"
0 0 24 3 1 #"("
0 0 15 3 6 #"define"
0 0 24 3 2 #" ("
0 0 14 3 4 #"cube"
0 0 24 3 1 #" "
0 0 14 3 1 #"n"
0 0 24 3 1 #")"
0 0 24 29 1 #"\n"
0 0 24 3 3 #"  ("
0 0 14 3 1 #"*"
0 0 24 3 1 #" "
0 0 14 3 1 #"n"
0 0 24 3 1 #" "
0 0 14 3 1 #"n"
0 0 24 3 1 #" "
0 0 14 3 1 #"n"
0 0 24 3 2 #"))"
0 0 24 29 1 #"\n"
0 0 24 29 1 #"\n"
0 0 24 3 1 #"("
0 0 15 3 6 #"define"
0 0 24 3 2 #" ("
0 0 14 3 5 #"cubic"
0 0 24 3 1 #" "
0 0 14 3 1 #"x"
0 0 24 3 1 #")"
0 0 24 29 1 #"\n"
0 0 24 3 3 #"  ("
0 0 14 3 1 #"+"
0 0 24 3 2 #" ("
0 0 14 3 4 #"cube"
0 0 24 3 2 #" ("
0 0 14 3 3 #"car"
0 0 24 3 1 #" "
0 0 14 3 1 #"x"
0 0 24 3 4 #")) ("
0 0 14 3 4 #"cube"
0 0 24 3 2 #" ("
0 0 14 3 4 #"cadr"
0 0 24 3 1 #" "
0 0 14 3 1 #"x"
0 0 24 3 4 #"))))"
0 0 24 29 1 #"\n"
0 0 24 29 1 #"\n"
0 0 24 3 1 #"("
0 0 15 3 6 #"define"
0 0 24 3 2 #" ("
0 0 14 3 6 #"consec"
0 0 24 3 1 #" "
0 0 14 3 1 #"S"
0 0 24 3 1 #" "
0 0 14 3 1 #"w"
0 0 24 3 1 #")"
0 0 24 29 1 #"\n"
0 0 24 3 3 #"  ("
0 0 14 3 2 #"if"
0 0 24 3 2 #" ("
0 0 14 3 1 #"="
0 0 24 3 2 #" ("
0 0 14 3 1 #"w"
0 0 24 3 2 #" ("
0 0 14 3 10 #"car-stream"
0 0 24 3 1 #" "
0 0 14 3 1 #"S"
0 0 24 3 4 #")) ("
0 0 14 3 1 #"w"
0 0 24 3 2 #" ("
0 0 14 3 10 #"car-stream"
0 0 24 3 2 #" ("
0 0 14 3 10 #"cdr-stream"
0 0 24 3 1 #" "
0 0 14 3 1 #"S"
0 0 24 3 4 #"))))"
0 0 24 29 1 #"\n"
0 0 24 3 7 #"      ("
0 0 14 3 11 #"cons-stream"
0 0 24 3 2 #" ("
0 0 14 3 10 #"car-stream"
0 0 24 3 1 #" "
0 0 14 3 1 #"S"
0 0 24 3 1 #")"
0 0 24 29 1 #"\n"
0 0 24 3 20 #"                   ("
0 0 14 3 6 #"consec"
0 0 24 3 2 #" ("
0 0 14 3 10 #"cdr-stream"
0 0 24 3 1 #" "
0 0 14 3 1 #"S"
0 0 24 3 2 #") "
0 0 14 3 1 #"w"
0 0 24 3 2 #"))"
0 0 24 29 1 #"\n"
0 0 24 3 7 #"      ("
0 0 14 3 6 #"consec"
0 0 24 3 2 #" ("
0 0 14 3 10 #"cdr-stream"
0 0 24 3 1 #" "
0 0 14 3 1 #"S"
0 0 24 3 2 #") "
0 0 14 3 1 #"w"
0 0 24 3 3 #")))"
0 0 24 29 1 #"\n"
0 0 24 29 1 #"\n"
0 0 24 3 1 #"("
0 0 15 3 6 #"define"
0 0 24 3 1 #" "
0 0 14 3 5 #"cubed"
0 0 24 3 2 #" ("
0 0 14 3 14 #"weighted-pairs"
0 0 24 3 1 #" "
0 0 14 3 8 #"integers"
0 0 24 3 1 #" "
0 0 14 3 8 #"integers"
0 0 24 3 1 #" "
0 0 14 3 5 #"cubic"
0 0 24 3 2 #"))"
0 0 24 29 1 #"\n"
0 0 24 3 1 #"("
0 0 15 3 6 #"define"
0 0 24 3 1 #" "
0 0 14 3 17 #"consecutive-cubes"
0 0 24 29 1 #"\n"
0 0 24 3 3 #"  ("
0 0 14 3 6 #"consec"
0 0 24 3 1 #" "
0 0 14 3 5 #"cubed"
0 0 24 3 1 #" "
0 0 14 3 5 #"cubic"
0 0 24 3 2 #"))"
0 0 24 29 1 #"\n"
0 0 24 29 1 #"\n"
0 0 17 3 2 #";("
0 0 17 3 5 #"print"
0 0 17 3 1 #" "
0 0 17 3 1 #"1"
0 0 17 3 1 #" "
0 0 17 3 18 #"consecutive-cubes)"
0 0 24 29 1 #"\n"
0 0 24 3 1 #"("
0 0 15 3 6 #"define"
0 0 24 3 1 #" "
0 0 14 3 2 #"TS"
0 0 24 3 2 #" ("
0 0 14 3 10 #"stream-map"
0 0 24 3 2 #" ("
0 0 15 3 6 #"lambda"
0 0 24 3 2 #" ("
0 0 14 3 1 #"x"
0 0 24 3 3 #") ("
0 0 14 3 4 #"cons"
0 0 24 3 1 #" "
0 0 14 3 1 #"x"
0 0 24 3 2 #" ("
0 0 14 3 5 #"cubic"
0 0 24 3 1 #" "
0 0 14 3 1 #"x"
0 0 24 3 4 #"))) "
0 0 14 3 5 #"cubed"
0 0 24 3 2 #"))"
0 0 24 29 1 #"\n"
0 0 17 3 2 #";("
0 0 17 3 5 #"print"
0 0 17 3 1 #" "
0 0 17 3 3 #"200"
0 0 17 3 1 #" "
0 0 17 3 3 #"TS)"
0 0 24 29 1 #"\n"
0 0 17 3 2 #";("
0 0 17 3 5 #"print"
0 0 17 3 1 #" "
0 0 17 3 2 #"10"
0 0 17 3 1 #" "
0 0 17 3 6 #"cubed)"
0 0 24 29 1 #"\n"
0 0 17 3 2 #";("
0 0 17 3 5 #"print"
0 0 17 3 1 #" "
0 0 17 3 1 #"3"
0 0 17 3 1 #" "
0 0 17 3 18 #"consecutive-cubes)"
0 0 24 29 1 #"\n"
0 0 24 3 1 #"("
0 0 15 3 6 #"define"
0 0 24 3 1 #" "
0 0 14 3 8 #"cube-val"
0 0 24 3 2 #" ("
0 0 14 3 10 #"stream-map"
0 0 24 3 1 #" "
0 0 14 3 5 #"cubic"
0 0 24 3 1 #" "
0 0 14 3 17 #"consecutive-cubes"
0 0 24 3 2 #"))"
0 0 24 29 1 #"\n"
0 0 17 3 2 #";("
0 0 17 3 5 #"print"
0 0 17 3 1 #" "
0 0 17 3 1 #"6"
0 0 17 3 1 #" "
0 0 17 3 9 #"cube-val)"
0 0 24 29 1 #"\n"
0 0 24 29 1 #"\n"
0 0 24 3 1 #"("
0 0 15 3 6 #"define"
0 0 24 3 2 #" ("
0 0 14 3 7 #"squared"
0 0 24 3 1 #" "
0 0 14 3 1 #"x"
0 0 24 3 1 #")"
0 0 24 29 1 #"\n"
0 0 24 3 3 #"  ("
0 0 14 3 1 #"+"
0 0 24 3 2 #" ("
0 0 14 3 6 #"square"
0 0 24 3 2 #" ("
0 0 14 3 3 #"car"
0 0 24 3 1 #" "
0 0 14 3 1 #"x"
0 0 24 3 4 #")) ("
0 0 14 3 6 #"square"
0 0 24 3 2 #" ("
0 0 14 3 4 #"cadr"
0 0 24 3 1 #" "
0 0 14 3 1 #"x"
0 0 24 3 4 #"))))"
0 0 24 29 1 #"\n"
0 0 24 3 1 #"("
0 0 15 3 6 #"define"
0 0 24 3 2 #" ("
0 0 14 3 12 #"three-consec"
0 0 24 3 1 #" "
0 0 14 3 1 #"S"
0 0 24 3 1 #")"
0 0 24 29 1 #"\n"
0 0 24 3 3 #"  ("
0 0 15 3 3 #"let"
0 0 24 3 3 #" (["
0 0 14 3 5 #"first"
0 0 24 3 2 #" ("
0 0 14 3 10 #"car-stream"
0 0 24 3 1 #" "
0 0 14 3 1 #"S"
0 0 24 3 2 #")]"
0 0 24 29 1 #"\n"
0 0 24 3 9 #"        ["
0 0 14 3 6 #"second"
0 0 24 3 2 #" ("
0 0 14 3 10 #"car-stream"
0 0 24 3 2 #" ("
0 0 14 3 10 #"cdr-stream"
0 0 24 3 1 #" "
0 0 14 3 1 #"S"
0 0 24 3 3 #"))]"
0 0 24 29 1 #"\n"
0 0 24 3 9 #"        ["
0 0 14 3 5 #"third"
0 0 24 3 2 #" ("
0 0 14 3 10 #"car-stream"
0 0 24 3 2 #" ("
0 0 14 3 10 #"cdr-stream"
0 0 24 3 2 #" ("
0 0 14 3 10 #"cdr-stream"
0 0 24 3 1 #" "
0 0 14 3 1 #"S"
0 0 24 3 5 #")))])"
0 0 24 29 1 #"\n"
0 0 24 3 5 #"    ("
0 0 14 3 2 #"if"
0 0 24 3 2 #" ("
0 0 14 3 1 #"="
0 0 24 3 2 #" ("
0 0 14 3 7 #"squared"
0 0 24 3 1 #" "
0 0 14 3 5 #"first"
0 0 24 3 3 #") ("
0 0 14 3 7 #"squared"
0 0 24 3 1 #" "
0 0 14 3 6 #"second"
0 0 24 3 3 #") ("
0 0 14 3 7 #"squared"
0 0 24 3 1 #" "
0 0 14 3 5 #"third"
0 0 24 3 2 #"))"
0 0 24 29 1 #"\n"
0 0 24 3 9 #"        ("
0 0 14 3 11 #"cons-stream"
0 0 24 29 1 #"\n"
0 0 24 3 10 #"         ("
0 0 14 3 4 #"list"
0 0 24 3 2 #" ("
0 0 14 3 7 #"squared"
0 0 24 3 1 #" "
0 0 14 3 5 #"first"
0 0 24 3 2 #") "
0 0 14 3 5 #"first"
0 0 24 3 1 #" "
0 0 14 3 6 #"second"
0 0 24 3 1 #" "
0 0 14 3 5 #"third"
0 0 24 3 1 #")"
0 0 24 29 1 #"\n"
0 0 24 3 10 #"         ("
0 0 14 3 12 #"three-consec"
0 0 24 3 2 #" ("
0 0 14 3 10 #"cdr-stream"
0 0 24 3 1 #" "
0 0 14 3 1 #"S"
0 0 24 3 3 #")))"
0 0 24 29 1 #"\n"
0 0 24 3 9 #"        ("
0 0 14 3 12 #"three-consec"
0 0 24 3 2 #" ("
0 0 14 3 10 #"cdr-stream"
0 0 24 3 1 #" "
0 0 14 3 1 #"S"
0 0 24 3 5 #")))))"
0 0 24 29 1 #"\n"
0 0 24 29 1 #"\n"
0 0 24 3 1 #"("
0 0 15 3 6 #"define"
0 0 24 3 1 #" "
0 0 14 3 8 #"consec-s"
0 0 24 29 1 #"\n"
0 0 24 3 3 #"  ("
0 0 14 3 12 #"three-consec"
0 0 24 3 2 #" ("
0 0 14 3 14 #"weighted-pairs"
0 0 24 3 1 #" "
0 0 14 3 8 #"integers"
0 0 24 3 1 #" "
0 0 14 3 8 #"integers"
0 0 24 3 1 #" "
0 0 14 3 7 #"squared"
0 0 24 3 3 #")))"
0 0 24 29 1 #"\n"
0 0 17 3 2 #";("
0 0 17 3 5 #"print"
0 0 17 3 1 #" "
0 0 17 3 1 #"6"
0 0 17 3 1 #" "
0 0 17 3 9 #"consec-s)"
0 0 24 29 1 #"\n"
0 0 24 29 1 #"\n"
0 0 17 3 7 #";; 3.73"
0 0 24 29 1 #"\n"
0 0 24 3 1 #"("
0 0 15 3 6 #"define"
0 0 24 3 2 #" ("
0 0 14 3 8 #"integral"
0 0 24 3 1 #" "
0 0 14 3 9 #"integrand"
0 0 24 3 1 #" "
0 0 14 3 13 #"initial-value"
0 0 24 3 1 #" "
0 0 14 3 2 #"dt"
0 0 24 3 1 #")"
0 0 24 29 1 #"\n"
0 0 24 3 3 #"  ("
0 0 15 3 6 #"define"
0 0 24 3 1 #" "
0 0 14 3 3 #"int"
0 0 24 29 1 #"\n"
0 0 24 3 5 #"    ("
0 0 14 3 11 #"cons-stream"
0 0 24 3 1 #" "
0 0 14 3 13 #"initial-value"
0 0 24 29 1 #"\n"
0 0 24 3 18 #"                 ("
0 0 14 3 11 #"add-streams"
0 0 24 3 2 #" ("
0 0 14 3 12 #"scale-stream"
0 0 24 3 1 #" "
0 0 14 3 9 #"integrand"
0 0 24 3 1 #" "
0 0 14 3 2 #"dt"
0 0 24 3 1 #")"
0 0 24 29 1 #"\n"
0 0 24 3 30 #"                              "
0 0 14 3 3 #"int"
0 0 24 3 3 #")))"
0 0 24 29 1 #"\n"
0 0 24 3 2 #"  "
0 0 14 3 3 #"int"
0 0 24 3 1 #")"
0 0 24 29 1 #"\n"
0 0 24 29 1 #"\n"
0 0 24 3 1 #"("
0 0 15 3 6 #"define"
0 0 24 3 2 #" ("
0 0 14 3 2 #"RC"
0 0 24 3 1 #" "
0 0 14 3 1 #"R"
0 0 24 3 1 #" "
0 0 14 3 1 #"C"
0 0 24 3 1 #" "
0 0 14 3 2 #"dt"
0 0 24 3 1 #")"
0 0 24 29 1 #"\n"
0 0 24 3 3 #"  ("
0 0 15 3 6 #"lambda"
0 0 24 3 2 #" ("
0 0 14 3 1 #"i"
0 0 24 3 1 #" "
0 0 14 3 2 #"v0"
0 0 24 3 1 #")"
0 0 24 29 1 #"\n"
0 0 24 3 5 #"    ("
0 0 14 3 11 #"add-streams"
0 0 24 3 2 #" ("
0 0 14 3 12 #"scale-stream"
0 0 24 3 1 #" "
0 0 14 3 1 #"i"
0 0 24 3 1 #" "
0 0 14 3 1 #"R"
0 0 24 3 1 #")"
0 0 24 29 1 #"\n"
0 0 24 3 18 #"                 ("
0 0 14 3 8 #"integral"
0 0 24 3 2 #" ("
0 0 14 3 12 #"scale-stream"
0 0 24 3 1 #" "
0 0 14 3 1 #"i"
0 0 24 3 2 #" ("
0 0 14 3 1 #"/"
0 0 24 3 1 #" "
0 0 21 3 1 #"1"
0 0 24 3 1 #" "
0 0 14 3 1 #"C"
0 0 24 3 3 #")) "
0 0 14 3 2 #"v0"
0 0 24 3 1 #" "
0 0 14 3 2 #"dt"
0 0 24 3 4 #"))))"
0 0 24 29 1 #"\n"
0 0 24 29 1 #"\n"
0 0 24 3 1 #"("
0 0 15 3 6 #"define"
0 0 24 3 1 #" "
0 0 14 3 3 #"RC1"
0 0 24 3 2 #" ("
0 0 14 3 2 #"RC"
0 0 24 3 1 #" "
0 0 21 3 1 #"5"
0 0 24 3 1 #" "
0 0 21 3 1 #"1"
0 0 24 3 1 #" "
0 0 21 3 3 #"0.5"
0 0 24 3 2 #"))"
0 0 24 29 1 #"\n"
0 0 24 3 1 #"("
0 0 14 3 5 #"print"
0 0 24 3 1 #" "
0 0 21 3 2 #"10"
0 0 24 3 2 #" ("
0 0 14 3 3 #"RC1"
0 0 24 3 2 #" ("
0 0 14 3 4 #"ones"
0 0 24 3 2 #") "
0 0 21 3 1 #"0"
0 0 24 3 2 #"))"
0 0 24 29 1 #"\n"
0 0 24 29 1 #"\n"
0 0 17 3 7 #";; 3.74"
0 0 24 29 1 #"\n"
0 0 17 3 2 #";("
0 0 17 3 6 #"define"
0 0 17 3 15 #" zero-crossings"
0 0 24 29 1 #"\n"
0 0 17 3 4 #";  ("
0 0 17 3 10 #"stream-map"
0 0 17 3 1 #" "
0 0 17 3 20 #"sign-change-detector"
0 0 17 3 1 #" "
0 0 17 3 10 #"sense-data"
0 0 17 3 2 #" ("
0 0 17 3 10 #"cdr-stream"
0 0 17 3 1 #" "
0 0 17 3 13 #"sense-data)))"
0 0 24 29 1 #"\n"
0 0 24 3 1 #"("
0 0 15 3 6 #"define"
0 0 24 3 2 #" ("
0 0 14 3 4 #"pos?"
0 0 24 3 1 #" "
0 0 14 3 1 #"n"
0 0 24 3 3 #") ("
0 0 14 3 2 #">="
0 0 24 3 1 #" "
0 0 14 3 1 #"n"
0 0 24 3 1 #" "
0 0 21 3 1 #"0"
0 0 24 3 2 #"))"
0 0 24 29 1 #"\n"
0 0 24 3 1 #"("
0 0 15 3 6 #"define"
0 0 24 3 2 #" ("
0 0 14 3 4 #"neg?"
0 0 24 3 1 #" "
0 0 14 3 1 #"n"
0 0 24 3 3 #") ("
0 0 14 3 1 #"<"
0 0 24 3 1 #" "
0 0 14 3 1 #"n"
0 0 24 3 1 #" "
0 0 21 3 1 #"0"
0 0 24 3 2 #"))"
0 0 24 29 1 #"\n"
0 0 24 3 1 #"("
0 0 15 3 6 #"define"
0 0 24 3 1 #" "
0 0 14 3 20 #"sign-change-detector"
0 0 24 29 1 #"\n"
0 0 24 3 3 #"  ("
0 0 15 3 6 #"lambda"
0 0 24 3 2 #" ("
0 0 14 3 1 #"a"
0 0 24 3 1 #" "
0 0 14 3 1 #"b"
0 0 24 3 1 #")"
0 0 24 29 1 #"\n"
0 0 24 3 5 #"    ("
0 0 15 3 4 #"cond"
0 0 24 3 3 #" [("
0 0 14 3 3 #"and"
0 0 24 3 2 #" ("
0 0 14 3 4 #"pos?"
0 0 24 3 1 #" "
0 0 14 3 1 #"a"
0 0 24 3 3 #") ("
0 0 14 3 4 #"pos?"
0 0 24 3 1 #" "
0 0 14 3 1 #"b"
0 0 24 3 3 #")) "
0 0 21 3 1 #"0"
0 0 24 3 1 #"]"
0 0 24 29 1 #"\n"
0 0 24 3 12 #"          [("
0 0 14 3 3 #"and"
0 0 24 3 2 #" ("
0 0 14 3 4 #"neg?"
0 0 24 3 1 #" "
0 0 14 3 1 #"a"
0 0 24 3 3 #") ("
0 0 14 3 4 #"neg?"
0 0 24 3 1 #" "
0 0 14 3 1 #"b"
0 0 24 3 3 #")) "
0 0 21 3 1 #"0"
0 0 24 3 1 #"]"
0 0 24 29 1 #"\n"
0 0 24 3 12 #"          [("
0 0 14 3 3 #"and"
0 0 24 3 2 #" ("
0 0 14 3 4 #"pos?"
0 0 24 3 1 #" "
0 0 14 3 1 #"a"
0 0 24 3 3 #") ("
0 0 14 3 4 #"neg?"
0 0 24 3 1 #" "
0 0 14 3 1 #"b"
0 0 24 3 3 #")) "
0 0 21 3 1 #"1"
0 0 24 3 1 #"]"
0 0 24 29 1 #"\n"
0 0 24 3 12 #"          [("
0 0 14 3 3 #"and"
0 0 24 3 2 #" ("
0 0 14 3 4 #"neg?"
0 0 24 3 1 #" "
0 0 14 3 1 #"a"
0 0 24 3 3 #") ("
0 0 14 3 4 #"pos?"
0 0 24 3 1 #" "
0 0 14 3 1 #"b"
0 0 24 3 3 #")) "
0 0 21 3 2 #"-1"
0 0 24 3 4 #"])))"
0 0 24 29 1 #"\n"
0 0 24 29 1 #"\n"
0 0 24 3 1 #"("
0 0 15 3 6 #"define"
0 0 24 3 2 #" ("
0 0 14 3 12 #"list->stream"
0 0 24 3 1 #" "
0 0 14 3 1 #"l"
0 0 24 3 1 #")"
0 0 24 29 1 #"\n"
0 0 24 3 3 #"  ("
0 0 14 3 2 #"if"
0 0 24 3 2 #" ("
0 0 14 3 5 #"null?"
0 0 24 3 1 #" "
0 0 14 3 1 #"l"
0 0 24 3 1 #")"
0 0 24 29 1 #"\n"
0 0 24 3 6 #"      "
0 0 14 3 16 #"the-empty-stream"
0 0 24 29 1 #"\n"
0 0 24 3 7 #"      ("
0 0 14 3 11 #"cons-stream"
0 0 24 3 2 #" ("
0 0 14 3 3 #"car"
0 0 24 3 1 #" "
0 0 14 3 1 #"l"
0 0 24 3 1 #")"
0 0 24 29 1 #"\n"
0 0 24 3 20 #"                   ("
0 0 14 3 12 #"list->stream"
0 0 24 3 2 #" ("
0 0 14 3 3 #"cdr"
0 0 24 3 1 #" "
0 0 14 3 1 #"l"
0 0 24 3 5 #")))))"
0 0 24 29 1 #"\n"
0 0 24 29 1 #"\n"
0 0 24 3 1 #"("
0 0 15 3 6 #"define"
0 0 24 3 1 #" "
0 0 14 3 15 #"sense-data-list"
0 0 24 3 2 #" ("
0 0 14 3 4 #"list"
0 0 24 3 1 #" "
0 0 21 3 1 #"1"
0 0 24 3 1 #" "
0 0 21 3 1 #"2"
0 0 24 3 1 #" "
0 0 21 3 3 #"1.5"
0 0 24 3 1 #" "
0 0 21 3 1 #"1"
0 0 24 3 1 #" "
0 0 21 3 4 #"-0.1"
0 0 24 3 1 #" "
0 0 21 3 2 #"-2"
0 0 24 3 1 #" "
0 0 21 3 2 #"-3"
0 0 24 3 1 #" "
0 0 21 3 2 #"-2"
0 0 24 3 1 #" "
0 0 21 3 4 #"-0.5"
0 0 24 3 1 #" "
0 0 21 3 3 #"0.2"
0 0 24 3 1 #" "
0 0 21 3 1 #"3"
0 0 24 3 1 #" "
0 0 21 3 1 #"4"
0 0 24 3 2 #"))"
0 0 24 29 1 #"\n"
0 0 24 3 1 #"("
0 0 15 3 6 #"define"
0 0 24 3 1 #" "
0 0 14 3 10 #"sense-data"
0 0 24 3 2 #" ("
0 0 14 3 12 #"list->stream"
0 0 24 3 1 #" "
0 0 14 3 15 #"sense-data-list"
0 0 24 3 2 #"))"
0 0 24 29 1 #"\n"
0 0 24 29 1 #"\n"
0 0 24 3 1 #"("
0 0 15 3 6 #"define"
0 0 24 3 1 #" "
0 0 14 3 14 #"zero-crossings"
0 0 24 29 1 #"\n"
0 0 24 3 3 #"  ("
0 0 14 3 10 #"stream-map"
0 0 24 3 1 #" "
0 0 14 3 20 #"sign-change-detector"
0 0 24 3 1 #" "
0 0 14 3 10 #"sense-data"
0 0 24 3 2 #" ("
0 0 14 3 11 #"cons-stream"
0 0 24 3 1 #" "
0 0 21 3 1 #"0"
0 0 24 3 1 #" "
0 0 14 3 10 #"sense-data"
0 0 24 3 3 #")))"
0 0 24 29 1 #"\n"
0 0 24 29 1 #"\n"
0 0 24 3 1 #"("
0 0 14 3 5 #"print"
0 0 24 3 1 #" "
0 0 21 3 2 #"12"
0 0 24 3 1 #" "
0 0 14 3 14 #"zero-crossings"
0 0 24 3 1 #")"
0 0 24 29 1 #"\n"
0 0 24 29 1 #"\n"
0 0 17 3 7 #";; 3.75"
0 0 24 29 1 #"\n"
0 0 24 29 1 #"\n"
0 0 24 3 1 #"("
0 0 15 3 6 #"define"
0 0 24 3 2 #" ("
0 0 14 3 19 #"make-zero-crossings"
0 0 24 3 1 #" "
0 0 14 3 12 #"input-stream"
0 0 24 3 1 #" "
0 0 14 3 10 #"last-value"
0 0 24 3 1 #" "
0 0 14 3 12 #"last-average"
0 0 24 3 1 #")"
0 0 24 29 1 #"\n"
0 0 24 3 3 #"  ("
0 0 15 3 3 #"let"
0 0 24 3 3 #" (("
0 0 14 3 4 #"avpt"
0 0 24 3 2 #" ("
0 0 14 3 1 #"/"
0 0 24 3 2 #" ("
0 0 14 3 1 #"+"
0 0 24 3 2 #" ("
0 0 14 3 10 #"stream-car"
0 0 24 3 1 #" "
0 0 14 3 12 #"input-stream"
0 0 24 3 2 #") "
0 0 14 3 10 #"last-value"
0 0 24 3 2 #") "
0 0 21 3 1 #"2"
0 0 24 3 3 #")))"
0 0 24 29 1 #"\n"
0 0 24 3 5 #"    ("
0 0 14 3 11 #"cons-stream"
0 0 24 3 2 #" ("
0 0 14 3 20 #"sign-change-detector"
0 0 24 3 1 #" "
0 0 14 3 4 #"avpt"
0 0 24 3 1 #" "
0 0 14 3 12 #"last-average"
0 0 24 3 1 #")"
0 0 24 29 1 #"\n"
0 0 24 3 18 #"                 ("
0 0 14 3 19 #"make-zero-crossings"
0 0 24 3 2 #" ("
0 0 14 3 10 #"stream-cdr"
0 0 24 3 1 #" "
0 0 14 3 12 #"input-stream"
0 0 24 3 3 #") ("
0 0 14 3 10 #"stream-car"
0 0 24 3 1 #" "
0 0 14 3 12 #"input-stream"
0 0 24 3 1 #")"
0 0 24 29 1 #"\n"
0 0 24 3 38 #"                                      "
0 0 14 3 4 #"avpt"
0 0 24 3 4 #"))))"
0 0 24 29 1 #"\n"
0 0 24 29 1 #"\n"
0 0 17 3 7 #";; 3.76"
0 0 24 29 1 #"\n"
0 0 24 3 1 #"("
0 0 15 3 6 #"define"
0 0 24 3 2 #" ("
0 0 14 3 6 #"smooth"
0 0 24 3 1 #" "
0 0 14 3 1 #"S"
0 0 24 3 1 #")"
0 0 24 29 1 #"\n"
0 0 24 3 3 #"  ("
0 0 15 3 3 #"let"
0 0 24 3 3 #" (("
0 0 14 3 4 #"avpt"
0 0 24 3 2 #" ("
0 0 14 3 1 #"/"
0 0 24 3 2 #" ("
0 0 14 3 1 #"+"
0 0 24 3 2 #" ("
0 0 14 3 10 #"stream-car"
0 0 24 3 1 #" "
0 0 14 3 1 #"S"
0 0 24 3 3 #") ("
0 0 14 3 10 #"stream-car"
0 0 24 3 2 #" ("
0 0 14 3 10 #"stream-cdr"
0 0 24 3 1 #" "
0 0 14 3 1 #"S"
0 0 24 3 6 #"))))))"
0 0 24 29 1 #"\n"
0 0 24 3 5 #"    ("
0 0 14 3 11 #"cons-stream"
0 0 24 3 1 #" "
0 0 14 3 4 #"avpt"
0 0 24 3 2 #" ("
0 0 14 3 6 #"smooth"
0 0 24 3 2 #" ("
0 0 14 3 10 #"cdr-stream"
0 0 24 3 1 #" "
0 0 14 3 1 #"S"
0 0 24 3 5 #")))))"
0 0 24 29 1 #"\n"
0 0 24 29 1 #"\n"
0 0 24 3 1 #"("
0 0 15 3 6 #"define"
0 0 24 3 2 #" ("
0 0 14 3 10 #"smooth-map"
0 0 24 3 1 #" "
0 0 14 3 1 #"S"
0 0 24 3 1 #")"
0 0 24 29 1 #"\n"
0 0 24 3 3 #"  ("
0 0 14 3 10 #"stream-map"
0 0 24 3 2 #" ("
0 0 15 3 3 #"lam"
0 0 15 3 3 #"bda"
0 0 24 3 2 #" ("
0 0 14 3 1 #"x"
0 0 24 3 1 #" "
0 0 14 3 1 #"y"
0 0 24 3 3 #") ("
0 0 14 3 1 #"/"
0 0 24 3 2 #" ("
0 0 14 3 1 #"+"
0 0 24 3 1 #" "
0 0 14 3 1 #"x"
0 0 24 3 1 #" "
0 0 14 3 1 #"y"
0 0 24 3 2 #") "
0 0 21 3 1 #"2"
0 0 24 3 3 #")) "
0 0 14 3 1 #"S"
0 0 24 3 2 #" ("
0 0 14 3 10 #"cdr-stream"
0 0 24 3 1 #" "
0 0 14 3 1 #"S"
0 0 24 3 3 #")))"
0 0 24 29 1 #"\n"
0 0 24 29 1 #"\n"
0 0 24 3 1 #"("
0 0 15 3 6 #"define"
0 0 24 3 1 #" "
0 0 14 3 21 #"zero-crossings-smooth"
0 0 24 29 1 #"\n"
0 0 24 3 3 #"  ("
0 0 14 3 10 #"stream-map"
0 0 24 3 1 #" "
0 0 14 3 20 #"sign-change-detector"
0 0 24 3 2 #" ("
0 0 14 3 6 #"smooth"
0 0 24 3 1 #" "
0 0 14 3 10 #"sense-data"
0 0 24 3 3 #") ("
0 0 14 3 6 #"smooth"
0 0 24 3 2 #" ("
0 0 14 3 11 #"cons-stream"
0 0 24 3 1 #" "
0 0 21 3 1 #"0"
0 0 24 3 1 #" "
0 0 14 3 10 #"sense-data"
0 0 24 3 4 #"))))"
0 0 24 29 1 #"\n"
0 0 24 29 1 #"\n"
0 0 24 3 1 #"("
0 0 14 3 5 #"print"
0 0 24 3 1 #" "
0 0 21 3 2 #"10"
0 0 24 3 1 #" "
0 0 14 3 21 #"zero-crossings-smooth"
0 0 24 3 1 #")"
0 0 24 29 1 #"\n"
0 0 24 29 1 #"\n"
0 0 24 3 1 #"("
0 0 15 3 6 #"define"
0 0 24 3 2 #" ("
0 0 14 3 16 #"delayed-integral"
0 0 24 3 1 #" "
0 0 14 3 17 #"delayed-integrand"
0 0 24 3 1 #" "
0 0 14 3 13 #"initial-value"
0 0 24 3 1 #" "
0 0 14 3 2 #"dt"
0 0 24 3 1 #")"
0 0 24 29 1 #"\n"
0 0 24 3 3 #"  ("
0 0 14 3 11 #"cons-stream"
0 0 24 3 1 #" "
0 0 14 3 13 #"initial-value"
0 0 24 29 1 #"\n"
0 0 24 3 16 #"               ("
0 0 15 3 3 #"let"
0 0 24 3 3 #" (("
0 0 14 3 9 #"integrand"
0 0 24 3 2 #" ("
0 0 14 3 5 #"force"
0 0 24 3 1 #" "
0 0 14 3 17 #"delayed-integrand"
0 0 24 3 3 #")))"
0 0 24 29 1 #"\n"
0 0 24 3 18 #"                 ("
0 0 14 3 2 #"if"
0 0 24 3 2 #" ("
0 0 14 3 12 #"stream-null?"
0 0 24 3 1 #" "
0 0 14 3 9 #"integrand"
0 0 24 3 1 #")"
0 0 24 29 1 #"\n"
0 0 24 3 21 #"                     "
0 0 14 3 16 #"the-empty-stream"
0 0 24 29 1 #"\n"
0 0 24 3 22 #"                     ("
0 0 14 3 16 #"delayed-integral"
0 0 24 3 2 #" ("
0 0 15 3 5 #"delay"
0 0 24 3 2 #" ("
0 0 14 3 10 #"stream-cdr"
0 0 24 3 1 #" "
0 0 14 3 9 #"integrand"
0 0 24 3 2 #"))"
0 0 24 29 1 #"\n"
0 0 24 3 33 #"                                ("
0 0 14 3 1 #"+"
0 0 24 3 2 #" ("
0 0 14 3 1 #"*"
0 0 24 3 1 #" "
0 0 14 3 2 #"dt"
0 0 24 3 2 #" ("
0 0 14 3 10 #"stream-car"
0 0 24 3 1 #" "
0 0 14 3 9 #"integrand"
0 0 24 3 2 #"))"
0 0 24 29 1 #"\n"
0 0 24 3 35 #"                                   "
0 0 14 3 13 #"initial-value"
0 0 24 3 1 #")"
0 0 24 29 1 #"\n"
0 0 24 3 32 #"                                "
0 0 14 3 2 #"dt"
0 0 24 3 5 #")))))"
0 0 24 29 1 #"\n"
0 0 24 29 1 #"\n"
0 0 24 3 1 #"("
0 0 15 3 6 #"define"
0 0 24 3 2 #" ("
0 0 14 3 5 #"solve"
0 0 24 3 1 #" "
0 0 14 3 1 #"f"
0 0 24 3 1 #" "
0 0 14 3 2 #"y0"
0 0 24 3 1 #" "
0 0 14 3 2 #"dt"
0 0 24 3 1 #")"
0 0 24 29 1 #"\n"
0 0 24 3 3 #"  ("
0 0 15 3 6 #"define"
0 0 24 3 1 #" "
0 0 14 3 1 #"y"
0 0 24 3 2 #" ("
0 0 14 3 16 #"delayed-integral"
0 0 24 3 2 #" ("
0 0 15 3 5 #"delay"
0 0 24 3 1 #" "
0 0 14 3 2 #"dy"
0 0 24 3 2 #") "
0 0 14 3 2 #"y0"
0 0 24 3 1 #" "
0 0 14 3 2 #"dt"
0 0 24 3 2 #"))"
0 0 24 29 1 #"\n"
0 0 24 3 3 #"  ("
0 0 15 3 6 #"define"
0 0 24 3 1 #" "
0 0 14 3 2 #"dy"
0 0 24 3 2 #" ("
0 0 14 3 10 #"stream-map"
0 0 24 3 1 #" "
0 0 14 3 1 #"f"
0 0 24 3 1 #" "
0 0 14 3 1 #"y"
0 0 24 3 2 #"))"
0 0 24 29 1 #"\n"
0 0 24 3 2 #"  "
0 0 14 3 1 #"y"
0 0 24 3 1 #")"
0 0 24 29 1 #"\n"
0 0 24 29 1 #"\n"
0 0 24 3 1 #"("
0 0 14 3 10 #"stream-ref"
0 0 24 3 2 #" ("
0 0 14 3 5 #"solve"
0 0 24 3 2 #" ("
0 0 15 3 6 #"lambda"
0 0 24 3 2 #" ("
0 0 14 3 1 #"y"
0 0 24 3 2 #") "
0 0 14 3 1 #"y"
0 0 24 3 2 #") "
0 0 21 3 1 #"1"
0 0 24 3 1 #" "
0 0 21 3 5 #"0.001"
0 0 24 3 2 #") "
0 0 21 3 4 #"1000"
0 0 24 3 1 #")"
0 0 24 29 1 #"\n"
0 0 24 29 1 #"\n"
0 0 17 3 7 #";; 3.78"
0 0 24 29 1 #"\n"
0 0 24 3 1 #"("
0 0 15 3 6 #"define"
0 0 24 3 2 #" ("
0 0 14 3 9 #"solve-2nd"
0 0 24 3 1 #" "
0 0 14 3 1 #"a"
0 0 24 3 1 #" "
0 0 14 3 1 #"b"
0 0 24 3 1 #" "
0 0 14 3 2 #"dt"
0 0 24 3 1 #" "
0 0 14 3 2 #"y0"
0 0 24 3 1 #" "
0 0 14 3 3 #"dy0"
0 0 24 3 1 #")"
0 0 24 29 1 #"\n"
0 0 24 3 3 #"  ("
0 0 15 3 6 #"define"
0 0 24 3 1 #" "
0 0 14 3 1 #"y"
0 0 24 3 2 #" ("
0 0 14 3 16 #"delayed-integral"
0 0 24 3 2 #" ("
0 0 15 3 5 #"delay"
0 0 24 3 1 #" "
0 0 14 3 2 #"dy"
0 0 24 3 2 #") "
0 0 14 3 2 #"y0"
0 0 24 3 1 #" "
0 0 14 3 2 #"dt"
0 0 24 3 2 #"))"
0 0 24 29 1 #"\n"
0 0 24 3 3 #"  ("
0 0 15 3 6 #"define"
0 0 24 3 1 #" "
0 0 14 3 2 #"dy"
0 0 24 3 2 #" ("
0 0 14 3 8 #"delayed-"
0 0 14 3 8 #"integral"
0 0 24 3 2 #" ("
0 0 15 3 5 #"delay"
0 0 24 3 1 #" "
0 0 14 3 3 #"ddy"
0 0 24 3 2 #") "
0 0 14 3 3 #"dy0"
0 0 24 3 1 #" "
0 0 14 3 2 #"dt"
0 0 24 3 2 #"))"
0 0 24 29 1 #"\n"
0 0 24 3 3 #"  ("
0 0 15 3 6 #"define"
0 0 24 3 1 #" "
0 0 14 3 3 #"ddy"
0 0 24 3 2 #" ("
0 0 14 3 11 #"add-streams"
0 0 24 3 2 #" ("
0 0 14 3 12 #"scale-stream"
0 0 24 3 1 #" "
0 0 14 3 2 #"dy"
0 0 24 3 1 #" "
0 0 14 3 1 #"a"
0 0 24 3 1 #")"
0 0 24 29 1 #"\n"
0 0 24 3 28 #"                           ("
0 0 14 3 12 #"scale-stream"
0 0 24 3 1 #" "
0 0 14 3 1 #"y"
0 0 24 3 1 #" "
0 0 14 3 1 #"b"
0 0 24 3 3 #")))"
0 0 24 29 1 #"\n"
0 0 24 3 2 #"  "
0 0 14 3 1 #"y"
0 0 24 3 1 #")"
0 0 24 29 1 #"\n"
0 0 24 29 1 #"\n"
0 0 17 3 7 #";; 3.79"
0 0 24 29 1 #"\n"
0 0 24 3 1 #"("
0 0 15 3 6 #"define"
0 0 24 3 2 #" ("
0 0 14 3 13 #"solve-2nd-gen"
0 0 24 3 1 #" "
0 0 14 3 1 #"f"
0 0 24 3 1 #" "
0 0 14 3 2 #"dt"
0 0 24 3 1 #" "
0 0 14 3 2 #"y0"
0 0 24 3 1 #" "
0 0 14 3 3 #"dy0"
0 0 24 3 1 #")"
0 0 24 29 1 #"\n"
0 0 24 3 3 #"  ("
0 0 15 3 6 #"define"
0 0 24 3 1 #" "
0 0 14 3 1 #"y"
0 0 24 3 2 #" ("
0 0 14 3 16 #"delayed-integral"
0 0 24 3 2 #" ("
0 0 15 3 5 #"delay"
0 0 24 3 1 #" "
0 0 14 3 2 #"dy"
0 0 24 3 2 #") "
0 0 14 3 2 #"y0"
0 0 24 3 1 #" "
0 0 14 3 2 #"dt"
0 0 24 3 2 #"))"
0 0 24 29 1 #"\n"
0 0 24 3 3 #"  ("
0 0 15 3 6 #"define"
0 0 24 3 1 #" "
0 0 14 3 2 #"dy"
0 0 24 3 2 #" ("
0 0 14 3 16 #"delayed-integral"
0 0 24 3 2 #" ("
0 0 15 3 5 #"delay"
0 0 24 3 1 #" "
0 0 14 3 3 #"ddy"
0 0 24 3 2 #") "
0 0 14 3 3 #"dy0"
0 0 24 3 1 #" "
0 0 14 3 2 #"dt"
0 0 24 3 2 #"))"
0 0 24 29 1 #"\n"
0 0 24 3 3 #"  ("
0 0 15 3 6 #"define"
0 0 24 3 1 #" "
0 0 14 3 3 #"ddy"
0 0 24 3 2 #" ("
0 0 14 3 10 #"stream-map"
0 0 24 3 1 #" "
0 0 14 3 1 #"f"
0 0 24 3 1 #" "
0 0 14 3 2 #"dy"
0 0 24 3 1 #" "
0 0 14 3 1 #"y"
0 0 24 3 2 #"))"
0 0 24 29 1 #"\n"
0 0 24 3 2 #"  "
0 0 14 3 1 #"y"
0 0 24 3 1 #")"
0 0 24 29 1 #"\n"
0 0 24 29 1 #"\n"
0 0 17 3 7 #";; 3.80"
0 0 24 29 1 #"\n"
0 0 24 3 1 #"("
0 0 15 3 6 #"define"
0 0 24 3 2 #" ("
0 0 14 3 3 #"RLC"
0 0 24 3 1 #" "
0 0 14 3 1 #"R"
0 0 24 3 1 #" "
0 0 14 3 1 #"L"
0 0 24 3 1 #" "
0 0 14 3 1 #"C"
0 0 24 3 1 #" "
0 0 14 3 2 #"dt"
0 0 24 3 1 #")"
0 0 24 29 1 #"\n"
0 0 24 3 3 #"  ("
0 0 15 3 6 #"define"
0 0 24 3 2 #" ("
0 0 14 3 5 #"solve"
0 0 24 3 1 #" "
0 0 14 3 3 #"vc0"
0 0 24 3 1 #" "
0 0 14 3 3 #"iL0"
0 0 24 3 1 #")"
0 0 24 29 1 #"\n"
0 0 24 3 5 #"    ("
0 0 15 3 6 #"define"
0 0 24 3 1 #" "
0 0 14 3 2 #"iL"
0 0 24 29 1 #"\n"
0 0 24 3 7 #"      ("
0 0 14 3 16 #"delayed-integral"
0 0 24 3 2 #" ("
0 0 15 3 5 #"delay"
0 0 24 3 1 #" "
0 0 14 3 3 #"diL"
0 0 24 3 2 #") "
0 0 14 3 3 #"iL0"
0 0 24 3 1 #" "
0 0 14 3 2 #"dt"
0 0 24 3 2 #"))"
0 0 24 29 1 #"\n"
0 0 24 3 5 #"    ("
0 0 15 3 6 #"define"
0 0 24 3 1 #" "
0 0 14 3 2 #"vC"
0 0 24 3 2 #" ("
0 0 14 3 16 #"delayed-integral"
0 0 24 3 2 #" ("
0 0 15 3 5 #"delay"
0 0 24 3 1 #" "
0 0 14 3 3 #"dvC"
0 0 24 3 2 #") "
0 0 14 3 3 #"vc0"
0 0 24 3 1 #" "
0 0 14 3 2 #"dt"
0 0 24 3 2 #"))"
0 0 24 29 1 #"\n"
0 0 24 3 5 #"    ("
0 0 15 3 6 #"define"
0 0 24 3 1 #" "
0 0 14 3 3 #"diL"
0 0 24 3 2 #" ("
0 0 14 3 11 #"add-streams"
0 0 24 3 2 #" ("
0 0 14 3 12 #"scale-stream"
0 0 24 3 1 #" "
0 0 14 3 2 #"iL"
0 0 24 3 2 #" ("
0 0 14 3 1 #"-"
0 0 24 3 2 #" ("
0 0 14 3 1 #"/"
0 0 24 3 1 #" "
0 0 14 3 1 #"R"
0 0 24 3 1 #" "
0 0 14 3 1 #"L"
0 0 24 3 3 #")))"
0 0 24 29 1 #"\n"
0 0 24 3 30 #"                             ("
0 0 14 3 12 #"scale-stream"
0 0 24 3 1 #" "
0 0 14 3 2 #"vC"
0 0 24 3 2 #" ("
0 0 14 3 1 #"/"
0 0 24 3 1 #" "
0 0 21 3 1 #"1"
0 0 24 3 1 #" "
0 0 14 3 1 #"L"
0 0 24 3 4 #"))))"
0 0 24 29 1 #"\n"
0 0 24 3 5 #"    ("
0 0 15 3 6 #"define"
0 0 24 3 1 #" "
0 0 14 3 3 #"dvC"
0 0 24 3 2 #" ("
0 0 14 3 12 #"scale-stream"
0 0 24 3 1 #" "
0 0 14 3 2 #"iL"
0 0 24 3 2 #" ("
0 0 14 3 1 #"-"
0 0 24 3 2 #" ("
0 0 14 3 1 #"/"
0 0 24 3 1 #" "
0 0 21 3 1 #"1"
0 0 24 3 1 #" "
0 0 14 3 1 #"C"
0 0 24 3 4 #"))))"
0 0 24 29 1 #"\n"
0 0 24 3 5 #"    ("
0 0 14 3 4 #"cons"
0 0 24 3 1 #" "
0 0 14 3 2 #"vC"
0 0 24 3 1 #" "
0 0 14 3 2 #"iL"
0 0 24 3 2 #"))"
0 0 24 29 1 #"\n"
0 0 24 3 2 #"  "
0 0 14 3 5 #"solve"
0 0 24 3 1 #")"
0 0 24 29 1 #"\n"
0 0 24 29 1 #"\n"
0 0 24 3 1 #"("
0 0 15 3 6 #"define"
0 0 24 3 1 #" "
0 0 14 3 7 #"example"
0 0 24 3 3 #" (("
0 0 14 3 3 #"RLC"
0 0 24 3 1 #" "
0 0 21 3 1 #"1"
0 0 24 3 1 #" "
0 0 21 3 3 #"0.2"
0 0 24 3 1 #" "
0 0 21 3 1 #"1"
0 0 24 3 1 #" "
0 0 21 3 3 #"0.1"
0 0 24 3 2 #") "
0 0 21 3 2 #"10"
0 0 24 3 1 #" "
0 0 21 3 1 #"0"
0 0 24 3 2 #"))"
0 0 24 29 1 #"\n"
0 0 24 3 1 #"("
0 0 14 3 7 #"display"
0 0 24 3 1 #" "
0 0 19 3 26 #"\"Start Circuit Simulation\""
0 0 24 3 1 #")"
0 0 24 29 1 #"\n"
0 0 24 3 1 #"("
0 0 14 3 5 #"print"
0 0 24 3 1 #" "
0 0 21 3 1 #"5"
0 0 24 3 2 #" ("
0 0 14 3 3 #"car"
0 0 24 3 1 #" "
0 0 14 3 7 #"example"
0 0 24 3 2 #"))"
0 0 24 29 1 #"\n"
0 0 24 3 1 #"("
0 0 14 3 5 #"print"
0 0 24 3 1 #" "
0 0 21 3 1 #"5"
0 0 24 3 2 #" ("
0 0 14 3 3 #"cdr"
0 0 24 3 1 #" "
0 0 14 3 7 #"example"
0 0 24 3 2 #"))"
0 0 24 29 1 #"\n"
0 0 24 29 1 #"\n"
0 0 17 3 7 #";; 3.81"
0 0 24 29 1 #"\n"
0 0 24 3 1 #"("
0 0 15 3 6 #"define"
0 0 24 3 2 #" ("
0 0 14 3 11 #"rand-update"
0 0 24 3 1 #" "
0 0 14 3 1 #"x"
0 0 24 3 1 #")"
0 0 24 29 1 #"\n"
0 0 24 3 3 #"  ("
0 0 14 3 6 #"modulo"
0 0 24 3 2 #" ("
0 0 14 3 1 #"+"
0 0 24 3 2 #" ("
0 0 14 3 1 #"*"
0 0 24 3 1 #" "
0 0 21 3 2 #"19"
0 0 24 3 1 #" "
0 0 14 3 1 #"x"
0 0 24 3 2 #") "
0 0 21 3 2 #"17"
0 0 24 3 2 #") "
0 0 21 3 1 #"7"
0 0 24 3 2 #"))"
0 0 24 29 1 #"\n"
0 0 24 3 2 #"  "
0 0 24 29 1 #"\n"
0 0 24 3 1 #"("
0 0 15 3 6 #"define"
0 0 24 3 2 #" ("
0 0 14 3 22 #"random-number-sequence"
0 0 24 3 1 #" "
0 0 14 3 11 #"random-init"
0 0 24 3 1 #")"
0 0 24 29 1 #"\n"
0 0 24 3 3 #"  ("
0 0 15 3 6 #"define"
0 0 24 3 2 #" ("
0 0 14 3 11 #"select-next"
0 0 24 3 1 #" "
0 0 14 3 1 #"m"
0 0 24 3 1 #" "
0 0 14 3 4 #"prev"
0 0 24 3 1 #")"
0 0 24 29 1 #"\n"
0 0 24 3 5 #"    ("
0 0 15 3 4 #"cond"
0 0 24 3 3 #" [("
0 0 14 3 3 #"eq?"
0 0 24 3 1 #" "
0 0 14 3 1 #"m"
0 0 24 3 1 #" "
0 0 21 3 1 #"'"
0 0 14 3 8 #"generate"
0 0 24 3 3 #") ("
0 0 14 3 11 #"rand-update"
0 0 24 3 1 #" "
0 0 14 3 4 #"prev"
0 0 24 3 2 #")]"
0 0 24 29 1 #"\n"
0 0 24 3 12 #"          [("
0 0 14 3 3 #"eq?"
0 0 24 3 1 #" "
0 0 14 3 1 #"m"
0 0 24 3 1 #" "
0 0 21 3 1 #"'"
0 0 14 3 5 #"reset"
0 0 24 3 2 #") "
0 0 14 3 11 #"random-init"
0 0 24 3 1 #"]"
0 0 24 29 1 #"\n"
0 0 24 3 11 #"          ["
0 0 21 3 2 #"#t"
0 0 24 3 2 #" ("
0 0 14 3 5 #"error"
0 0 24 3 1 #" "
0 0 19 3 27 #"\"Unexpected random message\""
0 0 24 3 1 #" "
0 0 14 3 1 #"m"
0 0 24 3 4 #")]))"
0 0 24 29 1 #"\n"
0 0 24 3 3 #"  ("
0 0 15 3 6 #"lambda"
0 0 24 3 2 #" ("
0 0 14 3 8 #"requests"
0 0 24 3 1 #")"
0 0 24 29 1 #"\n"
0 0 24 3 5 #"    ("
0 0 15 3 6 #"define"
0 0 24 3 1 #" "
0 0 15 3 8 #"sequence"
0 0 24 29 1 #"\n"
0 0 24 3 7 #"      ("
0 0 14 3 11 #"cons-stream"
0 0 24 3 1 #" "
0 0 14 3 11 #"random-init"
0 0 24 29 1 #"\n"
0 0 24 3 20 #"                   ("
0 0 14 3 10 #"stream-map"
0 0 24 3 1 #" "
0 0 14 3 11 #"select-next"
0 0 24 3 1 #" "
0 0 14 3 8 #"requests"
0 0 24 3 1 #" "
0 0 15 3 8 #"sequence"
0 0 24 3 3 #")))"
0 0 24 29 1 #"\n"
0 0 24 3 4 #"    "
0 0 15 3 8 #"sequence"
0 0 24 3 2 #"))"
0 0 24 29 1 #"\n"
0 0 24 3 1 #"("
0 0 15 3 6 #"define"
0 0 24 3 1 #" "
0 0 14 3 1 #"R"
0 0 24 3 2 #" ("
0 0 14 3 22 #"random-number-sequence"
0 0 24 3 1 #" "
0 0 21 3 1 #"3"
0 0 24 3 2 #"))"
0 0 24 29 1 #"\n"
0 0 24 3 1 #"("
0 0 15 3 6 #"define"
0 0 24 3 1 #" "
0 0 14 3 8 #"messages"
0 0 24 3 2 #" ("
0 0 14 3 12 #"list->stream"
0 0 24 3 2 #" ("
0 0 14 3 4 #"list"
0 0 24 3 1 #" "
0 0 21 3 1 #"'"
0 0 14 3 8 #"generate"
0 0 24 3 1 #" "
0 0 21 3 1 #"'"
0 0 14 3 8 #"generate"
0 0 24 3 1 #" "
0 0 21 3 1 #"'"
0 0 14 3 5 #"reset"
0 0 24 3 1 #" "
0 0 21 3 1 #"'"
0 0 14 3 8 #"generate"
0 0 24 3 1 #" "
0 0 21 3 1 #"'"
0 0 14 3 5 #"reset"
0 0 24 3 1 #" "
0 0 21 3 1 #"'"
0 0 14 3 8 #"generate"
0 0 24 3 1 #" "
0 0 21 3 1 #"'"
0 0 14 3 8 #"generate"
0 0 24 3 3 #")))"
0 0 24 29 1 #"\n"
0 0 24 3 1 #"("
0 0 14 3 5 #"print"
0 0 24 3 1 #" "
0 0 21 3 1 #"8"
0 0 24 3 2 #" ("
0 0 14 3 1 #"R"
0 0 24 3 1 #" "
0 0 14 3 8 #"messages"
0 0 24 3 2 #"))"
0 0 24 29 1 #"\n"
0 0 24 29 1 #"\n"
0 0 17 3 7 #";; 3.82"
0 0 24 29 1 #"\n"
0 0 24 3 1 #"("
0 0 15 3 6 #"define"
0 0 24 3 2 #" ("
0 0 14 3 11 #"monte-carlo"
0 0 24 3 1 #" "
0 0 14 3 17 #"experiment-stream"
0 0 24 3 1 #" "
0 0 14 3 6 #"passed"
0 0 24 3 1 #" "
0 0 14 3 6 #"failed"
0 0 24 3 1 #")"
0 0 24 29 1 #"\n"
0 0 24 3 3 #"  ("
0 0 15 3 6 #"define"
0 0 24 3 2 #" ("
0 0 14 3 4 #"next"
0 0 24 3 1 #" "
0 0 14 3 6 #"passed"
0 0 24 3 1 #" "
0 0 14 3 6 #"failed"
0 0 24 3 1 #")"
0 0 24 29 1 #"\n"
0 0 24 3 5 #"    ("
0 0 14 3 11 #"cons-stream"
0 0 24 29 1 #"\n"
0 0 24 3 6 #"     ("
0 0 14 3 1 #"/"
0 0 24 3 1 #" "
0 0 14 3 6 #"passed"
0 0 24 3 2 #" ("
0 0 14 3 1 #"+"
0 0 24 3 1 #" "
0 0 14 3 6 #"passed"
0 0 24 3 1 #" "
0 0 14 3 6 #"failed"
0 0 24 3 2 #"))"
0 0 24 29 1 #"\n"
0 0 24 3 6 #"     ("
0 0 14 3 11 #"monte-carlo"
0 0 24 29 1 #"\n"
0 0 24 3 7 #"      ("
0 0 14 3 10 #"stream-cdr"
0 0 24 3 1 #" "
0 0 14 3 17 #"experiment-stream"
0 0 24 3 2 #") "
0 0 14 3 6 #"passed"
0 0 24 3 1 #" "
0 0 14 3 6 #"failed"
0 0 24 3 3 #")))"
0 0 24 29 1 #"\n"
0 0 24 3 3 #"  ("
0 0 14 3 2 #"if"
0 0 24 3 2 #" ("
0 0 14 3 10 #"stream-car"
0 0 24 3 1 #" "
0 0 14 3 17 #"experiment-stream"
0 0 24 3 1 #")"
0 0 24 29 1 #"\n"
0 0 24 3 7 #"      ("
0 0 14 3 4 #"next"
0 0 24 3 2 #" ("
0 0 14 3 1 #"+"
0 0 24 3 1 #" "
0 0 14 3 6 #"passed"
0 0 24 3 1 #" "
0 0 21 3 1 #"1"
0 0 24 3 2 #") "
0 0 14 3 6 #"failed"
0 0 24 3 1 #")"
0 0 24 29 1 #"\n"
0 0 24 3 7 #"      ("
0 0 14 3 4 #"next"
0 0 24 3 1 #" "
0 0 14 3 6 #"passed"
0 0 24 3 2 #" ("
0 0 14 3 1 #"+"
0 0 24 3 1 #" "
0 0 14 3 6 #"failed"
0 0 24 3 1 #" "
0 0 21 3 1 #"1"
0 0 24 3 4 #"))))"
0 0 24 29 1 #"\n"
0 0 24 29 1 #"\n"
0 0 24 3 1 #"("
0 0 15 3 6 #"define"
0 0 24 3 2 #" ("
0 0 14 3 22 #"random-in-range-stream"
0 0 24 3 1 #" "
0 0 14 3 3 #"low"
0 0 24 3 1 #" "
0 0 14 3 4 #"high"
0 0 24 3 1 #")"
0 0 24 29 1 #"\n"
0 0 24 3 3 #"  ("
0 0 15 3 6 #"define"
0 0 24 3 1 #" "
0 0 14 3 8 #"generate"
0 0 24 3 2 #" ("
0 0 14 3 11 #"cons-stream"
0 0 24 3 1 #" "
0 0 21 3 1 #"'"
0 0 14 3 8 #"generate"
0 0 24 3 1 #" "
0 0 14 3 8 #"generate"
0 0 24 3 2 #"))"
0 0 24 29 1 #"\n"
0 0 24 3 3 #"  ("
0 0 14 3 13 #"filter-stream"
0 0 24 3 2 #" ("
0 0 15 3 6 #"lambda"
0 0 24 3 2 #" ("
0 0 14 3 1 #"r"
0 0 24 3 3 #") ("
0 0 14 3 3 #"and"
0 0 24 3 2 #" ("
0 0 14 3 2 #"<="
0 0 24 3 1 #" "
0 0 14 3 1 #"r"
0 0 24 3 1 #" "
0 0 14 3 4 #"high"
0 0 24 3 3 #") ("
0 0 14 3 2 #">="
0 0 24 3 1 #" "
0 0 14 3 1 #"r"
0 0 24 3 1 #" "
0 0 14 3 3 #"low"
0 0 24 3 5 #"))) ("
0 0 14 3 10 #"stream-map"
0 0 24 3 2 #" ("
0 0 15 3 6 #"lambda"
0 0 24 3 2 #" ("
0 0 14 3 1 #"x"
0 0 24 3 3 #") ("
0 0 14 3 1 #"/"
0 0 24 3 1 #" "
0 0 14 3 1 #"x"
0 0 24 3 1 #" "
0 0 21 3 2 #"10"
0 0 24 3 5 #")) (("
0 0 14 3 22 #"random-number-sequence"
0 0 24 3 1 #" "
0 0 14 3 3 #"low"
0 0 24 3 2 #") "
0 0 14 3 8 #"generate"
0 0 24 3 4 #"))))"
0 0 24 29 1 #"\n"
0 0 24 29 1 #"\n"
0 0 24 3 1 #"("
0 0 15 3 6 #"define"
0 0 24 3 2 #" ("
0 0 14 3 11 #"pi-estimate"
0 0 24 3 1 #")"
0 0 24 29 1 #"\n"
0 0 24 3 3 #"  ("
0 0 15 3 6 #"define"
0 0 24 3 2 #" ("
0 0 14 3 7 #"in-unit"
0 0 24 3 1 #" "
0 0 14 3 1 #"x"
0 0 24 3 1 #" "
0 0 14 3 1 #"y"
0 0 24 3 1 #")"
0 0 24 29 1 #"\n"
0 0 24 3 5 #"    ("
0 0 14 3 1 #"<"
0 0 24 3 2 #" ("
0 0 14 3 1 #"+"
0 0 24 3 2 #" ("
0 0 14 3 6 #"square"
0 0 24 3 1 #" "
0 0 14 3 1 #"x"
0 0 24 3 3 #") ("
0 0 14 3 6 #"square"
0 0 24 3 1 #" "
0 0 14 3 1 #"y"
0 0 24 3 3 #")) "
0 0 21 3 1 #"1"
0 0 24 3 2 #"))"
0 0 24 29 1 #"\n"
0 0 24 3 3 #"  ("
0 0 14 3 10 #"stream-map"
0 0 24 3 1 #" "
0 0 14 3 7 #"in-unit"
0 0 24 3 2 #" ("
0 0 14 3 22 #"random-in-range-stream"
0 0 24 3 1 #" "
0 0 21 3 1 #"0"
0 0 24 3 1 #" "
0 0 21 3 1 #"1"
0 0 24 3 3 #") ("
0 0 14 3 22 #"random-in-range-stream"
0 0 24 3 1 #" "
0 0 21 3 1 #"0"
0 0 24 3 1 #" "
0 0 21 3 1 #"1"
0 0 24 3 3 #")))"
0 0 24 29 1 #"\n"
0 0 24 29 1 #"\n"
0 0 24 3 1 #"("
0 0 14 3 5 #"print"
0 0 24 3 1 #" "
0 0 21 3 3 #"100"
0 0 24 3 2 #" ("
0 0 14 3 11 #"monte-carlo"
0 0 24 3 2 #" ("
0 0 14 3 11 #"pi-estimate"
0 0 24 3 2 #") "
0 0 21 3 1 #"0"
0 0 24 3 1 #" "
0 0 21 3 1 #"0"
0 0 24 3 2 #"))"
0           0
